1661426517110;0.4559;0.1865;0.3141;-0.03788207185990283;-0.7371009500069903;-0.08516414059014868;0.6693236939537812
1661426517125;0.4559;0.1865;0.3141;-0.03788207185990283;-0.7371009500069903;-0.08516414059014868;0.6693236939537812
1661426517149;0.4559;0.1865;0.3141;-0.03788207185990283;-0.7371009500069903;-0.08516414059014868;0.6693236939537812
1661426517173;0.4559;0.1865;0.3141;-0.03788207185990283;-0.7371009500069903;-0.08516414059014868;0.6693236939537812
1661426517190;0.4559;0.1865;0.3141;-0.03788207185990283;-0.7371009500069903;-0.08516414059014868;0.6693236939537812
1661426517213;0.4559;0.1865;0.3141;-0.03788207185990283;-0.7371009500069903;-0.08516414059014868;0.6693236939537812
1661426517237;0.4559;0.1865;0.3141;-0.03788207185990283;-0.7371009500069903;-0.08516414059014868;0.6693236939537812
1661426517253;0.4559;0.1865;0.3141;-0.03788207185990283;-0.7371009500069903;-0.08516414059014868;0.6693236939537812
1661426517269;0.4559;0.1865;0.3141;-0.03788207185990283;-0.7371009500069903;-0.08516414059014868;0.6693236939537812
1661426517285;0.4559;0.1865;0.3141;-0.03788207185990283;-0.7371009500069903;-0.08516414059014868;0.6693236939537812
1661426517301;0.4559;0.1865;0.3141;-0.03788207185990283;-0.7371009500069903;-0.08516414059014868;0.6693236939537812
1661426517317;0.4559;0.1865;0.3141;-0.03788207185990283;-0.7371009500069903;-0.08516414059014868;0.6693236939537812
1661426517333;0.4559;0.1865;0.3141;-0.03788207185990283;-0.7371009500069903;-0.08516414059014868;0.6693236939537812
1661426517349;0.4559;0.1865;0.3141;-0.03788207185990283;-0.7371009500069903;-0.08516414059014868;0.6693236939537812
1661426517374;0.4559;0.1865;0.3141;-0.03788207185990283;-0.7371009500069903;-0.08516414059014868;0.6693236939537812
1661426517389;0.4559;0.1865;0.3141;-0.03788207185990283;-0.7371009500069903;-0.08516414059014868;0.6693236939537812
1661426517405;0.4559;0.1865;0.3141;-0.03788207185990283;-0.7371009500069903;-0.08516414059014868;0.6693236939537812
1661426517422;0.4559;0.1865;0.3141;-0.03788207185990283;-0.7371009500069903;-0.08516414059014868;0.6693236939537812
1661426517437;0.4559;0.1865;0.3141;-0.03788207185990283;-0.7371009500069903;-0.08516414059014868;0.6693236939537812
1661426517454;0.4559;0.1865;0.3141;-0.03788207185990283;-0.7371009500069903;-0.08516414059014868;0.6693236939537812
1661426517469;0.4559;0.1865;0.3141;-0.03788207185990283;-0.7371009500069903;-0.08516414059014868;0.6693236939537812
1661426517494;0.4559;0.1865;0.3141;-0.03788207185990283;-0.7371009500069903;-0.08516414059014868;0.6693236939537812
1661426517509;0.4559;0.1865;0.3141;-0.03788207185990283;-0.7371009500069903;-0.08516414059014868;0.6693236939537812
1661426517525;0.4559;0.1865;0.3141;-0.03788207185990283;-0.7371009500069903;-0.08516414059014868;0.6693236939537812
1661426517541;0.4559;0.1865;0.3141;-0.03788207185990283;-0.7371009500069903;-0.08516414059014868;0.6693236939537812
1661426517557;0.4559;0.1865;0.3141;-0.03788207185990283;-0.7371009500069903;-0.08516414059014868;0.6693236939537812
1661426517574;0.4559;0.1865;0.3141;-0.03788207185990283;-0.7371009500069903;-0.08516414059014868;0.6693236939537812
1661426517590;0.4559;0.1865;0.3141;-0.03788207185990283;-0.7371009500069903;-0.08516414059014868;0.6693236939537812
1661426517623;0.4559;0.1865;0.3141;-0.03788207185990283;-0.7371009500069903;-0.08516414059014868;0.6693236939537812
1661426517638;0.4559;0.1865;0.3141;-0.03788207185990283;-0.7371009500069903;-0.08516414059014868;0.6693236939537812
1661426517654;0.4559;0.1865;0.3141;-0.03788207185990283;-0.7371009500069903;-0.08516414059014868;0.6693236939537812
1661426517669;0.4559;0.1865;0.3141;-0.03788207185990283;-0.7371009500069903;-0.08516414059014868;0.6693236939537812
1661426517686;0.4559;0.1865;0.3141;-0.03788207185990283;-0.7371009500069903;-0.08516414059014868;0.6693236939537812
1661426517702;0.4559;0.1865;0.3141;-0.03788207185990283;-0.7371009500069903;-0.08516414059014868;0.6693236939537812
1661426517725;0.4559;0.1865;0.3141;-0.03788207185990283;-0.7371009500069903;-0.08516414059014868;0.6693236939537812
1661426517750;0.4559;0.1865;0.3141;-0.03788207185990283;-0.7371009500069903;-0.08516414059014868;0.6693236939537812
1661426517765;0.4559;0.1865;0.3141;-0.03788207185990283;-0.7371009500069903;-0.08516414059014868;0.6693236939537812
1661426517782;0.4559;0.1865;0.3141;-0.03788207185990283;-0.7371009500069903;-0.08516414059014868;0.6693236939537812
1661426517797;0.4559;0.1865;0.3141;-0.03788207185990283;-0.7371009500069903;-0.08516414059014868;0.6693236939537812
1661426517822;0.4559;0.1865;0.3141;-0.03788207185990283;-0.7371009500069903;-0.08516414059014868;0.6693236939537812
1661426517837;0.4559;0.1865;0.3141;-0.03788207185990283;-0.7371009500069903;-0.08516414059014868;0.6693236939537812
1661426517853;0.4559;0.1865;0.3141;-0.03788207185990283;-0.7371009500069903;-0.08516414059014868;0.6693236939537812
1661426517877;0.4559;0.1865;0.3141;-0.03788207185990283;-0.7371009500069903;-0.08516414059014868;0.6693236939537812
1661426517893;0.4559;0.1865;0.3141;-0.03788207185990283;-0.7371009500069903;-0.08516414059014868;0.6693236939537812
1661426517909;0.4559;0.1865;0.3141;-0.03788207185990283;-0.7371009500069903;-0.08516414059014868;0.6693236939537812
1661426517925;0.4559;0.1865;0.3141;-0.03788207185990283;-0.7371009500069903;-0.08516414059014868;0.6693236939537812
1661426517941;0.4559;0.1865;0.3141;-0.03788207185990283;-0.7371009500069903;-0.08516414059014868;0.6693236939537812
1661426517957;0.4559;0.1865;0.3141;-0.03788207185990283;-0.7371009500069903;-0.08516414059014868;0.6693236939537812
1661426517973;0.4559;0.1865;0.3141;-0.03788207185990283;-0.7371009500069903;-0.08516414059014868;0.6693236939537812
1661426517989;0.4559;0.1865;0.3141;-0.03788207185990283;-0.7371009500069903;-0.08516414059014868;0.6693236939537812
1661426518013;0.4559;0.1865;0.3141;-0.03788207185990283;-0.7371009500069903;-0.08516414059014868;0.6693236939537812
1661426518030;0.4559;0.1865;0.3141;-0.03788207185990283;-0.7371009500069903;-0.08516414059014868;0.6693236939537812
1661426518046;0.4559;0.1865;0.3141;-0.03788207185990283;-0.7371009500069903;-0.08516414059014868;0.6693236939537812
1661426518062;0.4559;0.1865;0.3141;-0.03788207185990283;-0.7371009500069903;-0.08516414059014868;0.6693236939537812
1661426518085;0.4559;0.1865;0.3141;-0.03788207185990283;-0.7371009500069903;-0.08516414059014868;0.6693236939537812
1661426518101;0.4559;0.1865;0.3141;-0.03788207185990283;-0.7371009500069903;-0.08516414059014868;0.6693236939537812
1661426518117;0.4559;0.1865;0.3141;-0.03788207185990283;-0.7371009500069903;-0.08516414059014868;0.6693236939537812
1661426518141;0.4559;0.1865;0.3141;-0.03788207185990283;-0.7371009500069903;-0.08516414059014868;0.6693236939537812
1661426518157;0.4559;0.1865;0.3141;-0.03788207185990283;-0.7371009500069903;-0.08516414059014868;0.6693236939537812
1661426518173;0.4559;0.1865;0.3141;-0.03788207185990283;-0.7371009500069903;-0.08516414059014868;0.6693236939537812
1661426518190;0.4559;0.1865;0.3141;-0.03788207185990283;-0.7371009500069903;-0.08516414059014868;0.6693236939537812
1661426518205;0.4559;0.1865;0.3141;-0.03788207185990283;-0.7371009500069903;-0.08516414059014868;0.6693236939537812
1661426518221;0.4559;0.1865;0.3141;-0.03788207185990283;-0.7371009500069903;-0.08516414059014868;0.6693236939537812
1661426518237;0.4559;0.1865;0.3141;-0.03788207185990283;-0.7371009500069903;-0.08516414059014868;0.6693236939537812
1661426518261;0.4559;0.1865;0.3141;-0.03788207185990283;-0.7371009500069903;-0.08516414059014868;0.6693236939537812
1661426518277;0.4559;0.1865;0.3141;-0.03788207185990283;-0.7371009500069903;-0.08516414059014868;0.6693236939537812
1661426518293;0.4559;0.1865;0.3141;-0.03788207185990283;-0.7371009500069903;-0.08516414059014868;0.6693236939537812
1661426518309;0.4559;0.1865;0.3141;-0.03788207185990283;-0.7371009500069903;-0.08516414059014868;0.6693236939537812
1661426518325;0.4559;0.1865;0.3141;-0.03788207185990283;-0.7371009500069903;-0.08516414059014868;0.6693236939537812
1661426518341;0.4559;0.1865;0.3141;-0.03788207185990283;-0.7371009500069903;-0.08516414059014868;0.6693236939537812
1661426518357;0.4559;0.1865;0.3141;-0.03788207185990283;-0.7371009500069903;-0.08516414059014868;0.6693236939537812
1661426518373;0.4559;0.1865;0.3141;-0.03788207185990283;-0.7371009500069903;-0.08516414059014868;0.6693236939537812
1661426518397;0.4559;0.1865;0.3141;-0.03788207185990283;-0.7371009500069903;-0.08516414059014868;0.6693236939537812
1661426518413;0.4559;0.1865;0.3141;-0.03788207185990283;-0.7371009500069903;-0.08516414059014868;0.6693236939537812
1661426518429;0.4559;0.1865;0.3141;-0.03788207185990283;-0.7371009500069903;-0.08516414059014868;0.6693236939537812
1661426518445;0.4559;0.1865;0.3141;-0.03788207185990283;-0.7371009500069903;-0.08516414059014868;0.6693236939537812
1661426518461;0.4559;0.1865;0.3141;-0.03788207185990283;-0.7371009500069903;-0.08516414059014868;0.6693236939537812
1661426518477;0.4559;0.1865;0.3141;-0.03788207185990283;-0.7371009500069903;-0.08516414059014868;0.6693236939537812
1661426518493;0.4559;0.1865;0.3141;-0.03788207185990283;-0.7371009500069903;-0.08516414059014868;0.6693236939537812
1661426518517;0.4559;0.1865;0.3141;-0.03788207185990283;-0.7371009500069903;-0.08516414059014868;0.6693236939537812
1661426518533;0.4559;0.1865;0.3141;-0.03788207185990283;-0.7371009500069903;-0.08516414059014868;0.6693236939537812
1661426518549;0.4559;0.1865;0.3141;-0.03788207185990283;-0.7371009500069903;-0.08516414059014868;0.6693236939537812
1661426518573;0.4559;0.1865;0.3141;-0.03788207185990283;-0.7371009500069903;-0.08516414059014868;0.6693236939537812
1661426518589;0.4559;0.1865;0.3141;-0.03788207185990283;-0.7371009500069903;-0.08516414059014868;0.6693236939537812
1661426518605;0.4559;0.1865;0.3141;-0.03788207185990283;-0.7371009500069903;-0.08516414059014868;0.6693236939537812
1661426518621;0.4559;0.1865;0.3141;-0.03788207185990283;-0.7371009500069903;-0.08516414059014868;0.6693236939537812
1661426518645;0.4559;0.1865;0.3141;-0.03788207185990283;-0.7371009500069903;-0.08516414059014868;0.6693236939537812
1661426518661;0.4559;0.1865;0.3141;-0.03788207185990283;-0.7371009500069903;-0.08516414059014868;0.6693236939537812
1661426518685;0.4559;0.1865;0.3141;-0.03788207185990283;-0.7371009500069903;-0.08516414059014868;0.6693236939537812
1661426518701;0.4559;0.1865;0.3141;-0.03788207185990283;-0.7371009500069903;-0.08516414059014868;0.6693236939537812
1661426518717;0.4559;0.1865;0.3141;-0.03788207185990283;-0.7371009500069903;-0.08516414059014868;0.6693236939537812
1661426518733;0.4559;0.1865;0.3141;-0.03788207185990283;-0.7371009500069903;-0.08516414059014868;0.6693236939537812
1661426518749;0.4559;0.1865;0.3141;-0.03788207185990283;-0.7371009500069903;-0.08516414059014868;0.6693236939537812
1661426518757;0.4559;0.1865;0.3141;-0.03788207185990283;-0.7371009500069903;-0.08516414059014868;0.6693236939537812
1661426518782;0.4559;0.1865;0.3141;-0.03788207185990283;-0.7371009500069903;-0.08516414059014868;0.6693236939537812
1661426518797;0.4559;0.1865;0.3141;-0.03788207185990283;-0.7371009500069903;-0.08516414059014868;0.6693236939537812
1661426518813;0.4559;0.1865;0.3141;-0.03788207185990283;-0.7371009500069903;-0.08516414059014868;0.6693236939537812
1661426518829;0.4559;0.1865;0.3141;-0.03788207185990283;-0.7371009500069903;-0.08516414059014868;0.6693236939537812
1661426518846;0.4559;0.1865;0.3141;-0.03788207185990283;-0.7371009500069903;-0.08516414059014868;0.6693236939537812
1661426518861;0.4559;0.1865;0.3141;-0.03788207185990283;-0.7371009500069903;-0.08516414059014868;0.6693236939537812
1661426518877;0.4559;0.1865;0.3141;-0.03788207185990283;-0.7371009500069903;-0.08516414059014868;0.6693236939537812
1661426518902;0.4559;0.1865;0.3141;-0.03788207185990283;-0.7371009500069903;-0.08516414059014868;0.6693236939537812
1661426518925;0.4559;0.1865;0.3141;-0.03788207185990283;-0.7371009500069903;-0.08516414059014868;0.6693236939537812
1661426518941;0.4559;0.1865;0.3141;-0.03788207185990283;-0.7371009500069903;-0.08516414059014868;0.6693236939537812
1661426518957;0.4559;0.1865;0.3141;-0.03788207185990283;-0.7371009500069903;-0.08516414059014868;0.6693236939537812
1661426518973;0.4559;0.1865;0.3141;-0.03788207185990283;-0.7371009500069903;-0.08516414059014868;0.6693236939537812
1661426518994;0.4559;0.1865;0.3141;-0.03788207185990283;-0.7371009500069903;-0.08516414059014868;0.6693236939537812
1661426519005;0.4559;0.1865;0.3141;-0.03788207185990283;-0.7371009500069903;-0.08516414059014868;0.6693236939537812
1661426519029;0.4559;0.1865;0.3141;-0.03788207185990283;-0.7371009500069903;-0.08516414059014868;0.6693236939537812
1661426519045;0.4559;0.1865;0.3141;-0.03788207185990283;-0.7371009500069903;-0.08516414059014868;0.6693236939537812
1661426519061;0.4559;0.1865;0.3141;-0.03788207185990283;-0.7371009500069903;-0.08516414059014868;0.6693236939537812
1661426519077;0.4559;0.1865;0.3141;-0.03788207185990283;-0.7371009500069903;-0.08516414059014868;0.6693236939537812
1661426519093;0.4559;0.1865;0.3141;-0.03788207185990283;-0.7371009500069903;-0.08516414059014868;0.6693236939537812
1661426519109;0.4559;0.1865;0.3141;-0.03788207185990283;-0.7371009500069903;-0.08516414059014868;0.6693236939537812
1661426519125;0.4559;0.1865;0.3141;-0.03788207185990283;-0.7371009500069903;-0.08516414059014868;0.6693236939537812
1661426519141;0.4559;0.1865;0.3141;-0.03788207185990283;-0.7371009500069903;-0.08516414059014868;0.6693236939537812
1661426519165;0.4559;0.1865;0.3141;-0.03788207185990283;-0.7371009500069903;-0.08516414059014868;0.6693236939537812
1661426519173;0.4559;0.1865;0.3141;-0.03788207185990283;-0.7371009500069903;-0.08516414059014868;0.6693236939537812
1661426519189;0.4559;0.1865;0.3141;-0.03788207185990283;-0.7371009500069903;-0.08516414059014868;0.6693236939537812
1661426519205;0.4559;0.1865;0.3141;-0.03788207185990283;-0.7371009500069903;-0.08516414059014868;0.6693236939537812
1661426519221;0.4559;0.1865;0.3141;-0.03788207185990283;-0.7371009500069903;-0.08516414059014868;0.6693236939537812
1661426519237;0.4559;0.1865;0.3141;-0.03788207185990283;-0.7371009500069903;-0.08516414059014868;0.6693236939537812
1661426519253;0.4559;0.1865;0.3141;-0.03788207185990283;-0.7371009500069903;-0.08516414059014868;0.6693236939537812
1661426519285;0.4559;0.1865;0.3141;-0.03788207185990283;-0.7371009500069903;-0.08516414059014868;0.6693236939537812
1661426519301;0.4559;0.1865;0.3141;-0.03788207185990283;-0.7371009500069903;-0.08516414059014868;0.6693236939537812
1661426519317;0.4559;0.1865;0.3141;-0.03788207185990283;-0.7371009500069903;-0.08516414059014868;0.6693236939537812
1661426519333;0.4559;0.1865;0.3141;-0.03788207185990283;-0.7371009500069903;-0.08516414059014868;0.6693236939537812
1661426519349;0.4559;0.1865;0.3141;-0.03788207185990283;-0.7371009500069903;-0.08516414059014868;0.6693236939537812
1661426519374;0.4559;0.1865;0.3141;-0.03788207185990283;-0.7371009500069903;-0.08516414059014868;0.6693236939537812
1661426519397;0.4559;0.1865;0.3141;-0.03788207185990283;-0.7371009500069903;-0.08516414059014868;0.6693236939537812
1661426519422;0.4559;0.1865;0.3141;-0.03788207185990283;-0.7371009500069903;-0.08516414059014868;0.6693236939537812
1661426519437;0.4559;0.1865;0.3141;-0.03788207185990283;-0.7371009500069903;-0.08516414059014868;0.6693236939537812
1661426519453;0.4559;0.1865;0.3141;-0.03788207185990283;-0.7371009500069903;-0.08516414059014868;0.6693236939537812
1661426519478;0.4559;0.1865;0.3141;-0.03788207185990283;-0.7371009500069903;-0.08516414059014868;0.6693236939537812
1661426519501;0.4559;0.1865;0.3141;-0.03788207185990283;-0.7371009500069903;-0.08516414059014868;0.6693236939537812
1661426519517;0.4559;0.1865;0.3141;-0.03788207185990283;-0.7371009500069903;-0.08516414059014868;0.6693236939537812
1661426519542;0.4559;0.1865;0.3141;-0.03788207185990283;-0.7371009500069903;-0.08516414059014868;0.6693236939537812
1661426519557;0.4559;0.1865;0.3141;-0.03788207185990283;-0.7371009500069903;-0.08516414059014868;0.6693236939537812
1661426519573;0.4559;0.1865;0.3141;-0.03788207185990283;-0.7371009500069903;-0.08516414059014868;0.6693236939537812
1661426519589;0.4559;0.1865;0.3141;-0.03788207185990283;-0.7371009500069903;-0.08516414059014868;0.6693236939537812
1661426519605;0.4559;0.1865;0.3141;-0.03788207185990283;-0.7371009500069903;-0.08516414059014868;0.6693236939537812
1661426519622;0.4559;0.1865;0.3141;-0.03788207185990283;-0.7371009500069903;-0.08516414059014868;0.6693236939537812
1661426519645;0.4559;0.1865;0.3141;-0.03788207185990283;-0.7371009500069903;-0.08516414059014868;0.6693236939537812
1661426519669;0.4562;0.1865;0.3142;-0.03788207185990283;-0.7371009500069903;-0.08516414059014868;0.6693236939537812
1661426519686;0.4567;0.1864;0.3143;-0.03794125465102438;-0.7371421597595479;-0.08510495779902719;0.6692824842012235
1661426519709;0.4583;0.1862;0.3149;-0.03800050927655535;-0.7371832661559353;-0.08504570317349597;0.6692413778048362
1661426519725;0.4601;0.1859;0.3156;-0.037706879487576006;-0.7376951294593121;-0.08533300070844968;0.6686571365067525
1661426519742;0.4627;0.1854;0.3165;-0.037767162740644566;-0.7377366384940495;-0.08527271745538106;0.668615627472015
1661426519757;0.4662;0.1848;0.3178;-0.037537620893504625;-0.7382914636493483;-0.08549583334827435;0.6679873533235811
1661426519773;0.4707;0.1841;0.3194;-0.03731189496289419;-0.738847721479088;-0.08571503962931054;0.6673565755582123
1661426519797;0.4797;0.1825;0.3225;-0.03717298372315819;-0.7404057748327173;-0.08706072685238853;0.6654606582777189
1661426519813;0.4874;0.1812;0.3251;-0.036447371565680814;-0.7410866747670914;-0.08655254757532244;0.6648088342499895
1661426519829;0.4963;0.1795;0.328;-0.035700274017070766;-0.7426901599494558;-0.08727839998499382;0.6629625160183773
1661426519845;0.5066;0.1776;0.3313;-0.035959417601397925;-0.7437929585156474;-0.08823109514209809;0.6615846347961345
1661426519862;0.5182;0.1754;0.3349;-0.03533047148657631;-0.7454569225604103;-0.0888371654836135;0.6596618015469258
1661426519878;0.5313;0.1728;0.3387;-0.03415668232848945;-0.7472073073497325;-0.08876121762678638;0.6577507180846581
1661426519894;0.5457;0.1698;0.3427;-0.033921757777754524;-0.7493398707564409;-0.09018919310465431;0.6551373763502731
1661426519925;0.5791;0.1624;0.3512;-0.03244505081317048;-0.7537961185698009;-0.09159544516416479;0.649883839414408
1661426519941;0.598;0.158;0.3556;-0.03177794551802213;-0.7560405261117585;-0.09222505569610559;0.6472151297344332
1661426519957;0.6185;0.153;0.36;-0.03152321580570405;-0.7587512757671607;-0.09365483264850315;0.6438412542766687
1661426519973;0.6407;0.1473;0.3643;-0.030773763642355817;-0.7615554761288112;-0.09435242464250822;0.6404559721117322
1661426519989;0.6645;0.1409;0.3684;-0.03009490458144795;-0.7643710186634376;-0.09497704131181306;0.6370326554968014
1661426520005;0.6899;0.1337;0.3723;-0.029487140998654515;-0.7671965551674864;-0.09552818131344211;0.6335726642065718
1661426520029;0.7313;0.1213;0.3775;-0.028371448558546425;-0.7722084761378155;-0.09653595417976021;0.627351528122954
1661426520054;0.776;0.1068;0.3815;-0.027201497837494287;-0.7777207470148606;-0.09757695798440041;0.6203944353784571
1661426520069;0.807;0.0961;0.3835;-0.026665221408379167;-0.7810572314293786;-0.09803130447108312;0.6161399439598231
1661426520086;0.839;0.0845;0.3847;-0.02597258804764474;-0.7848783119731245;-0.09862403230828846;0.6111994439751885
1661426520102;0.8714;0.0724;0.3851;-0.024771430145298395;-0.7881740186076468;-0.09851837480790361;0.6070108915543766
1661426520125;0.9208;0.0528;0.3842;-0.023168955794563198;-0.7938361913784743;-0.09994989474895198;0.5994141467172606
1661426520142;0.954;0.0389;0.3826;-0.02189659983429572;-0.7972976439209954;-0.10110755364402557;0.5946547473196918
1661426520157;0.9873;0.0246;0.3801;-0.020467699586710547;-0.8006676042322228;-0.10241716686272793;0.5899348987290655
1661426520181;1.0369;0.0024;0.3749;-0.01704492772124816;-0.8057337247323788;-0.10443159128840424;0.5827492411053286
1661426520197;1.0695;-0.0128;0.3704;-0.014622646071283885;-0.808634847136487;-0.10672409839653166;0.5783647889004581
1661426520213;1.1018;-0.0282;0.365;-0.010991260581400708;-0.8118529177070304;-0.10899272894320826;0.5734933454181712
1661426520229;1.1338;-0.0439;0.3589;-0.0075605993513016;-0.8147956833277922;-0.11226521895014954;0.5687243201955761
1661426520246;1.1656;-0.0599;0.3521;-0.002838219573586348;-0.8179718613061804;-0.11559714459333523;0.5635168842038564
1661426520261;1.1972;-0.076;0.3444;0.00247578506709048;-0.8207913257092659;-0.11951710042230078;0.5585795671481125
1661426520278;1.2286;-0.0923;0.336;0.007976620224268427;-0.8236185494801523;-0.12480010469907002;0.5531851338829603
1661426520294;1.2595;-0.1088;0.327;0.014395404322324168;-0.8262002034876723;-0.12979296105097654;0.5480326480721247
1661426520317;1.3048;-0.1334;0.3124;0.023388644513617468;-0.8297477805414871;-0.1396041761451192;0.5398909760286185
1661426520334;1.3341;-0.1497;0.3021;0.030878648197329606;-0.8318820788507296;-0.14562649163740776;0.5346135435114546
1661426520350;1.3626;-0.1657;0.2915;0.038182464042566616;-0.8340812883791308;-0.15262107603806485;0.5287317949248282
1661426520365;1.3902;-0.1814;0.2808;0.04643800195951933;-0.8358980578596262;-0.15936885499482756;0.5231821068214683
1661426520389;1.4296;-0.2037;0.2646;0.05834032953945978;-0.838425660946697;-0.17074167811063845;0.5142821174912507
1661426520405;1.4541;-0.2177;0.2541;0.06683319500740356;-0.8395331330406077;-0.17770736592553144;0.5090555320079853
1661426520437;1.4986;-0.2425;0.2346;0.08296421638257861;-0.8413278388364782;-0.1930771427886923;0.4980016298480563
1661426520453;1.5184;-0.2532;0.2257;0.0906273849722268;-0.8419538932906014;-0.20035627550483093;0.49270445657790296
1661426520469;1.5365;-0.2628;0.2177;0.09845311626652634;-0.8422211500923334;-0.20665850041295325;0.48812168814920154
1661426520485;1.553;-0.2714;0.2104;0.10607177387847772;-0.8425011401042923;-0.21275140374307822;0.4834019527418051
1661426520501;1.568;-0.2789;0.2038;0.11264067206357736;-0.8424233496306448;-0.21898016159339617;0.47925219647141937
1661426520525;1.5876;-0.2884;0.1954;0.12231693356320916;-0.8422232796564126;-0.2270185203939795;0.47345655172002643
1661426520549;1.604;-0.296;0.1884;0.13105367575017338;-0.8420888224204114;-0.23414829075516963;0.46785246303018
1661426520573;1.6174;-0.302;0.1819;0.13795870401210147;-0.8418009428442091;-0.23955221068820284;0.46363057164977484
1661426520589;1.6247;-0.305;0.1769;0.14139551283164364;-0.8413158888736404;-0.24280715160575916;0.4617787037195746
1661426520605;1.6309;-0.3071;0.1707;0.14491665471584755;-0.8413322311991399;-0.24500935289969275;0.4594884731123497
1661426520629;1.6384;-0.3085;0.1578;0.1483822107012952;-0.8407485857729587;-0.24829126569981538;0.4576854623487074
1661426520645;1.6423;-0.3084;0.1463;0.14957175415299354;-0.8407090606910281;-0.24940681908554369;0.4567634007067952
1661426520661;1.6455;-0.3074;0.1325;0.15109849611424378;-0.8403130519935055;-0.2508592668659017;0.45619387035434444
1661426520677;1.6481;-0.3056;0.1168;0.1522921504255045;-0.8402595014992101;-0.2519783231076627;0.4552779324137345
1661426520701;1.651;-0.302;0.0911;0.1530576867060264;-0.8400534972113802;-0.25270644646618207;0.4549977123871768
1661426520726;1.6528;-0.2981;0.0661;0.1522633331720495;-0.8396111620077983;-0.25417223076990636;0.45526415530843367
1661426520733;1.6533;-0.2968;0.0585;0.1522633331720495;-0.8396111620077983;-0.25417223076990636;0.45526415530843367
1661426520749;1.654;-0.2945;0.0451;0.1522633331720495;-0.8396111620077983;-0.25417223076990636;0.45526415530843367
1661426520757;1.6542;-0.2935;0.0393;0.1522633331720495;-0.8396111620077983;-0.25417223076990636;0.45526415530843367
1661426520774;1.6546;-0.2918;0.0299;0.1518659823210774;-0.8393890352210353;-0.2549048328559806;0.455396856764535
1661426520790;1.6549;-0.2906;0.0232;0.1522633331720495;-0.8396111620077983;-0.25417223076990636;0.45526415530843367
1661426520805;1.655;-0.2899;0.0187;0.15153057632679404;-0.8397437171154171;-0.25456942686169726;0.4550421748701533
1661426520830;1.6552;-0.2893;0.0152;0.15128729289340304;-0.8405988881684076;-0.25428737923512434;0.4536998930799462
1661426520853;1.6552;-0.2893;0.0137;0.15078477213978575;-0.8423087991967064;-0.25370709480758485;0.4510128039544453
1661426520877;1.6552;-0.2893;0.0125;0.14967536095689674;-0.8451539591214898;-0.2535680968877236;0.44611129995151666
1661426520893;1.6552;-0.2894;0.0113;0.14844094417968323;-0.847495801896294;-0.2533397177739444;0.4421935540658862
1661426520909;1.6553;-0.2895;0.0099;0.14760022924463043;-0.850560159249622;-0.25233686572885794;0.4371357844175268
1661426520926;1.6553;-0.2896;0.0083;0.14519819618375282;-0.8538763251722252;-0.25201520581461234;0.43162604320589726
1661426520949;1.6553;-0.2898;0.0052;0.14279380449378973;-0.8602687059023437;-0.2503482669840065;0.4205632274241299
1661426520965;1.6554;-0.2899;0.0028;0.14088551845693859;-0.8649496388323902;-0.2492510199837896;0.41217389777844743
1661426520982;1.6554;-0.2901;0.0002;0.13839047407575528;-0.8704055381759925;-0.24857636608503225;0.40181098295294115
1661426520998;1.6554;-0.2903;-0.0026;0.13641280216065926;-0.875718792878897;-0.24728944548419235;0.3916070394637017
1661426521013;1.6555;-0.2905;-0.0056;0.13342766655087526;-0.8811217388274817;-0.24608127340535965;0.38113717483816817
1661426521030;1.6555;-0.2907;-0.0086;0.13121362368907968;-0.8870348697172601;-0.24442261184017278;0.36906599909134447
1661426521046;1.6555;-0.2909;-0.0117;0.12772769061084732;-0.8923068122821587;-0.24370455697823337;0.3578858459259251
1661426521062;1.6556;-0.2911;-0.0147;0.12540675432267062;-0.8977945301780041;-0.24188668332427768;0.3460187277924287
1661426521094;1.6556;-0.2914;-0.0203;0.1202666090727226;-0.9068999142669035;-0.23995033350683997;0.32479582154761216
1661426521109;1.6557;-0.2916;-0.0228;0.11814605850043977;-0.9109537437703452;-0.2383762306063685;0.31524840721802644
1661426521134;1.6557;-0.2918;-0.026;0.11571834271857938;-0.9159947970992148;-0.23729836358774614;0.3020799289661786
1661426521157;1.6558;-0.292;-0.0288;0.11325813488601744;-0.9198801725888787;-0.23633468109136363;0.29178584865177876
1661426521182;1.656;-0.2921;-0.0314;0.11223932163465866;-0.9229106589762825;-0.23480573324547865;0.283733180756162
1661426521205;1.6565;-0.2923;-0.034;0.11225192640094117;-0.9253005538444283;-0.23430222970324777;0.27626229426137516
1661426521230;1.6571;-0.2924;-0.0368;0.11302714896868658;-0.926972958713723;-0.23364121737668272;0.27084641210892646
1661426521253;1.6579;-0.2926;-0.0397;0.11543278756452312;-0.9283606067086482;-0.23350758550465528;0.2651340471882492
1661426521278;1.6589;-0.2927;-0.0429;0.11754060428671473;-0.9295824731684214;-0.23315109185998506;0.26019454315279517
1661426521301;1.6601;-0.2929;-0.0466;0.12125262590550256;-0.9305702162951758;-0.23233885852251213;0.25564727277212723
1661426521333;1.6619;-0.2932;-0.0521;0.12657245520260735;-0.9317859649757899;-0.23194657084822123;0.24890784907244465
1661426521365;1.6637;-0.2934;-0.0574;0.1318662107404119;-0.932926611577152;-0.23157235540447063;0.24214351960885677
1661426521382;1.6645;-0.2935;-0.0597;0.13396208139691557;-0.933470921158168;-0.23139097250500357;0.23904898649255163
1661426521405;1.6656;-0.2935;-0.0625;0.13678871197663833;-0.9344225011193744;-0.2308168323625777;0.23423711827054858
1661426521430;1.6667;-0.2932;-0.0648;0.13959622611308883;-0.9353458127766021;-0.23024196426902607;0.2294117304450697
1661426521462;1.6686;-0.2921;-0.067;0.142180462792975;-0.9372884724893209;-0.22925178479610558;0.22072302667916419
1661426521485;1.6703;-0.2906;-0.0678;0.14361776909805332;-0.9392007821844764;-0.22820097037804224;0.21260325552983894
1661426521509;1.6723;-0.2884;-0.0681;0.14509693116565542;-0.9416507238756986;-0.22705410125686262;0.20171075800046023
1661426521533;1.6748;-0.2858;-0.0681;0.14604832482750832;-0.9444177775744946;-0.2253492472392344;0.18963824768500984
1661426521558;1.6777;-0.2825;-0.068;0.1471280096551668;-0.9476852696875815;-0.2235922335841482;0.1739324336428855
1661426521573;1.6799;-0.2801;-0.068;0.14842974653500518;-0.9498886736458193;-0.22228640805793187;0.16207674359895977
1661426521605;1.6848;-0.2746;-0.0679;0.1513395639883522;-0.9544440635010213;-0.21805403677618823;0.1363279247442825
1661426521629;1.6886;-0.2705;-0.0678;0.15457155799544392;-0.9573487580501526;-0.2146006887221304;0.11635090596415137
1661426521653;1.6922;-0.2665;-0.0677;0.15694773454173394;-0.9597053275962939;-0.21145804128574672;0.09807440839027765
1661426521685;1.6962;-0.2621;-0.0676;0.15993521354818943;-0.9621572913972758;-0.20708215506084293;0.07609898247486477
1661426521718;1.6998;-0.2586;-0.0675;0.16217288296058516;-0.9639582672735247;-0.2023801820763267;0.05938583071767896
1661426521741;1.7026;-0.2566;-0.0674;0.16258456668181628;-0.965153634719851;-0.19891364608001158;0.04978033213129732
1661426521766;1.7057;-0.2552;-0.0674;0.162786517949918;-0.9666308816623652;-0.19356393573610728;0.04072211896166395
1661426521782;1.7078;-0.2546;-0.0673;0.16194297760526954;-0.9676578510102074;-0.18998618128045;0.03630435655838749
1661426521806;1.7111;-0.254;-0.0673;0.16029900824551202;-0.969284428531275;-0.1838793238789867;0.031310043310601686
1661426521830;1.7144;-0.2537;-0.0672;0.15828174826909705;-0.9709110109575569;-0.1774624304321774;0.02803181676876529
1661426521862;1.7184;-0.2536;-0.0671;0.15624689679214093;-0.9726360280390336;-0.17017247642277972;0.024645333664137424
1661426521893;1.7215;-0.2535;-0.0671;0.15414882673602268;-0.9741557502732826;-0.16370601470224364;0.02142554960122007
1661426521917;1.723;-0.2535;-0.0671;0.15265994260756804;-0.974963160102069;-0.16047261309596036;0.019756487870963617
1661426521941;1.7241;-0.2534;-0.0671;0.15211721987438703;-0.9753215423260649;-0.15904957204861178;0.017648629509014375
1661426521973;1.725;-0.2532;-0.0671;0.14999927354435086;-0.9759091707385257;-0.157777421701595;0.01441504789472286
1661426521998;1.7257;-0.253;-0.0671;0.1478689042947326;-0.9764840476146339;-0.15648817643732685;0.011186712302393608
1661426522021;1.7267;-0.2528;-0.0672;0.14501120203614729;-0.9772755248364604;-0.15445840416714107;0.006848446670060664
1661426522046;1.7279;-0.2524;-0.0673;0.14055030084669637;-0.9782542649305032;-0.1525196464563456;0.0014012572981612834
1661426522070;1.7294;-0.2521;-0.0673;0.1363033649703201;-0.9792438304443097;-0.14989527354597318;-0.005858344740764153
1661426522101;1.7317;-0.2514;-0.0675;0.12892898103396924;-0.9806219286461145;-0.14660321849415672;-0.016292551521225846
1661426522125;1.7336;-0.2509;-0.0676;0.12381388775841051;-0.9815166348132152;-0.1438609600581018;-0.024479398567991792
1661426522149;1.7353;-0.2505;-0.0677;0.11863752614138855;-0.9823307687744733;-0.14101827476295847;-0.0326380804105012
1661426522173;1.7368;-0.25;-0.0678;0.1141833429993558;-0.9829032295972648;-0.13888231247021715;-0.03968763928080258
1661426522197;1.7381;-0.2497;-0.0678;0.11043983026529716;-0.9833834782319746;-0.1366306125736251;-0.04573898052112538
1661426522229;1.7395;-0.2494;-0.0679;0.10670877655585774;-0.9837009382961891;-0.13518459013876089;-0.051680050214414325
1661426522253;1.7408;-0.2491;-0.0679;0.10435797195703006;-0.9840064188302833;-0.1335595805668563;-0.05479616618543963
1661426522277;1.7432;-0.2487;-0.0679;0.10194237016027301;-0.9842527616646296;-0.132703995869877;-0.056955278963615956
1661426522301;1.7467;-0.2483;-0.0679;0.10022437062905647;-0.9844291854726543;-0.13260438808622135;-0.05718680426404713
1661426522325;1.7513;-0.2477;-0.0678;0.09759655567226612;-0.9848034115334281;-0.13159486624184327;-0.057618956358327096
1661426522358;1.7594;-0.2468;-0.0677;0.09394973082507785;-0.9852758700277614;-0.1312590137822853;-0.056355827736222525
1661426522382;1.7668;-0.2459;-0.0676;0.09111269159502186;-0.98576661441674;-0.1301210174672729;-0.05505615446932862
1661426522413;1.7769;-0.2446;-0.0675;0.08655494273236085;-0.9863978508971282;-0.12889599874480642;-0.0539753938540837
1661426522437;1.7829;-0.2439;-0.0673;0.08300737128732391;-0.9867575364264322;-0.12864820533343557;-0.05356285916652369
1661426522461;1.7866;-0.2435;-0.0671;0.08050430908178088;-0.9865796141404137;-0.13189570702141207;-0.052756456013830236
1661426522494;1.787;-0.2435;-0.0665;0.07663662437960907;-0.9855506767936629;-0.14193995577759685;-0.05166952901958352
1661426522517;1.7836;-0.244;-0.0658;0.07297380433502978;-0.9837264296693611;-0.15627542842199474;-0.05035003398575133
1661426522541;1.7773;-0.2449;-0.065;0.06945881645244327;-0.9810715420412819;-0.1740178133817063;-0.048907083736579426
1661426522565;1.7692;-0.246;-0.064;0.06608079264359795;-0.9774006889126743;-0.1951320750355217;-0.047378217030140134
1661426522589;1.7614;-0.2471;-0.063;0.0624463882529402;-0.973501742529554;-0.21528980813549503;-0.04522283050702054
1661426522622;1.7531;-0.2482;-0.062;0.058586285268222266;-0.9690129163707395;-0.23619658905778226;-0.04234130846601094
1661426522645;1.749;-0.2488;-0.0615;0.0563214714672213;-0.9664779512166204;-0.24703838260316607;-0.04147648954169887
1661426522670;1.7467;-0.2491;-0.0612;0.05551495009990115;-0.9650546763071498;-0.2528765820833844;-0.040509212371177154
1661426522693;1.7458;-0.2492;-0.0611;0.05474376372207293;-0.9646599940287195;-0.25452517095788074;-0.04063438941234995
1661426522717;1.7457;-0.2492;-0.0611;0.05477920306693259;-0.9644375116285157;-0.2553668985879416;-0.04058660099989169
1661426522758;1.7457;-0.2492;-0.0611;0.05477920306693259;-0.9644375116285157;-0.2553668985879416;-0.04058660099989169
1661426522781;1.746;-0.2492;-0.0611;0.05477920306693259;-0.9644375116285157;-0.2553668985879416;-0.04058660099989169
1661426522806;1.7472;-0.2491;-0.061;0.05477920306693259;-0.9644375116285157;-0.2553668985879416;-0.04058660099989169
1661426522822;1.749;-0.2488;-0.0609;0.05477920306693259;-0.9644375116285157;-0.2553668985879416;-0.04058660099989169
1661426522846;1.7532;-0.2484;-0.0607;0.05477920306693259;-0.9644375116285157;-0.2553668985879416;-0.04058660099989169
1661426522877;1.7618;-0.2474;-0.0602;0.05477920306693259;-0.9644375116285157;-0.2553668985879416;-0.04058660099989169
1661426522901;1.7705;-0.2464;-0.0596;0.05477920306693259;-0.9644375116285157;-0.2553668985879416;-0.04058660099989169
1661426522925;1.7808;-0.2452;-0.059;0.05477920306693259;-0.9644375116285157;-0.2553668985879416;-0.04058660099989169
1661426522949;1.7919;-0.244;-0.0584;0.0539375518149997;-0.9644849482646455;-0.255331382864954;-0.040809435176423915
1661426522978;1.8035;-0.2426;-0.0577;0.0539375518149997;-0.9644849482646455;-0.255331382864954;-0.040809435176423915
1661426523014;1.8145;-0.2414;-0.057;0.0539375518149997;-0.9644849482646455;-0.255331382864954;-0.040809435176423915
1661426523031;1.8174;-0.2411;-0.0568;0.0539375518149997;-0.9644849482646455;-0.255331382864954;-0.040809435176423915
1661426523053;1.8186;-0.2412;-0.0566;0.0539375518149997;-0.9644849482646455;-0.255331382864954;-0.040809435176423915
1661426523078;1.8155;-0.242;-0.0564;0.0539375518149997;-0.9644849482646455;-0.255331382864954;-0.040809435176423915
1661426523101;1.8084;-0.2434;-0.0564;0.0539375518149997;-0.9644849482646455;-0.255331382864954;-0.040809435176423915
1661426523133;1.7941;-0.2462;-0.0564;0.0539375518149997;-0.9644849482646455;-0.255331382864954;-0.040809435176423915
1661426523157;1.7806;-0.2488;-0.0564;0.0539375518149997;-0.9644849482646455;-0.255331382864954;-0.040809435176423915
1661426523181;1.7659;-0.2517;-0.0561;0.0539375518149997;-0.9644849482646455;-0.255331382864954;-0.040809435176423915
1661426523205;1.7516;-0.2547;-0.0547;0.0539375518149997;-0.9644849482646455;-0.255331382864954;-0.040809435176423915
1661426523230;1.7388;-0.2575;-0.0515;0.0539375518149997;-0.9644849482646455;-0.255331382864954;-0.040809435176423915
1661426523262;1.7249;-0.2613;-0.0431;0.0539375518149997;-0.9644849482646455;-0.255331382864954;-0.040809435176423915
1661426523285;1.7166;-0.2642;-0.0332;0.0539375518149997;-0.9644849482646455;-0.255331382864954;-0.040809435176423915
1661426523309;1.7102;-0.2671;-0.0203;0.0539375518149997;-0.9644849482646455;-0.255331382864954;-0.040809435176423915
1661426523333;1.7052;-0.2701;-0.0044;0.0539375518149997;-0.9644849482646455;-0.255331382864954;-0.040809435176423915
1661426523357;1.7007;-0.2732;0.0137;0.0539375518149997;-0.9644849482646455;-0.255331382864954;-0.040809435176423915
1661426523389;1.695;-0.2775;0.0389;0.0539375518149997;-0.9644849482646455;-0.255331382864954;-0.040809435176423915
1661426523413;1.691;-0.2805;0.0564;0.0539375518149997;-0.9644849482646455;-0.255331382864954;-0.040809435176423915
1661426523446;1.6867;-0.2837;0.0756;0.0539375518149997;-0.9644849482646455;-0.255331382864954;-0.040809435176423915
1661426523470;1.6841;-0.285;0.0868;0.0539375518149997;-0.9644849482646455;-0.255331382864954;-0.040809435176423915
1661426523493;1.682;-0.2844;0.0954;0.055656015423320444;-0.9641660928646844;-0.2562437109443294;-0.040315182236060454
1661426523525;1.6797;-0.2792;0.1038;0.060297198202755344;-0.9637472572271569;-0.25723330539453165;-0.03723571768925002
1661426523549;1.6777;-0.2713;0.1089;0.06686430314967629;-0.9629074304608494;-0.2591322949309613;-0.03448041547612503
1661426523573;1.675;-0.2593;0.1141;0.07551845696068982;-0.9617074296176569;-0.26183781768354664;-0.029270116282544837
1661426523597;1.6708;-0.2429;0.1202;0.08791829354622702;-0.9596893744972665;-0.26612873582341273;-0.021027936322824698
1661426523621;1.6646;-0.2231;0.1272;0.10251303374832654;-0.9572684078056443;-0.270192964149463;-0.011137120502528484
1661426523654;1.6526;-0.1934;0.1373;0.12450569141330112;-0.9528388604123764;-0.2766514738108895;0.007771803651816855
1661426523677;1.6409;-0.1704;0.1447;0.1422682965342921;-0.9485841915664768;-0.28166349966190285;0.024767645621128244
1661426523701;1.627;-0.1479;0.1517;0.15899740116886207;-0.9440181660990686;-0.2856176973932952;0.044407875790801465
1661426523725;1.6112;-0.127;0.1581;0.17425427186632905;-0.9389399186323663;-0.28951276166480056;0.06488172907838746
1661426523749;1.5942;-0.1083;0.1639;0.18840038575763082;-0.9337970606666776;-0.29126180593933626;0.08772060497742568
1661426523782;1.5701;-0.0869;0.1708;0.20331260523707653;-0.9265329602659419;-0.29301227259557056;0.11976838564881045
1661426523806;1.5511;-0.0737;0.1756;0.21275592283026887;-0.9208046870788801;-0.2929035501664876;0.14512462180510316
1661426523831;1.5317;-0.0628;0.1802;0.2201300289778885;-0.9146454942818736;-0.2922945654828274;0.1718437578769338
1661426523854;1.512;-0.0543;0.1846;0.22516700545248422;-0.9087586539676937;-0.28997611260707606;0.1984222331586734
1661426523877;1.4924;-0.048;0.1891;0.2276098808537329;-0.9031356544968623;-0.2857741710903375;0.22555011605384756
1661426523909;1.4666;-0.0432;0.1953;0.22697808791497087;-0.8951172338836367;-0.2795612016431509;0.2628528480857832
1661426523933;1.4478;-0.0421;0.2002;0.22417247563246268;-0.8895347305244925;-0.2725836697929135;0.29012550270832727
1661426523957;1.4297;-0.0429;0.2056;0.21892372038832109;-0.8838598460587738;-0.2650631710502297;0.31718400421379006
1661426523982;1.4124;-0.0455;0.2113;0.2104021623884761;-0.8783501343776497;-0.25630304373443275;0.34429743140703684
1661426524005;1.396;-0.0499;0.2176;0.20049715350606928;-0.8730850160128544;-0.24608232808772607;0.37009044036927274
1661426524037;1.3758;-0.0581;0.2268;0.1825914098110577;-0.8662968146547161;-0.23136485781869415;0.40331192463010385
1661426524061;1.3621;-0.0658;0.2344;0.1673179209133044;-0.8615613380818402;-0.21794055783227473;0.4268708086946626
1661426524085;1.3496;-0.0747;0.2426;0.14943178789538955;-0.8570456175366119;-0.20416472249869247;0.44884264092742665
1661426524109;1.3384;-0.0847;0.2514;0.12886262269104373;-0.8526929709673102;-0.19004751759674687;0.46924520540058984
1661426524133;1.3288;-0.0955;0.2607;0.10611181610965703;-0.8489547026058604;-0.17496956254809837;0.48723900458299996
1661426524166;1.3185;-0.1104;0.2735;0.07512471039040769;-0.8443952016162054;-0.1542582967659102;0.507501132269836
1661426524189;1.3128;-0.1213;0.2828;0.05229504255688608;-0.8413638660137481;-0.13911422062686166;0.5196338202135751
1661426524213;1.3083;-0.1311;0.2915;0.0311316924982398;-0.839150665663194;-0.12555357257964017;0.5282927961383753
1661426524238;1.3045;-0.1391;0.2993;0.012394523324700202;-0.8370864895419696;-0.11434652484790882;0.5348433949045852
1661426524262;1.3004;-0.1442;0.306;-0.0018515487205538472;-0.8353555832182366;-0.10514919637512123;0.5395565474119663
1661426524293;1.293;-0.1459;0.3133;-0.01443775730619154;-0.8338859518635549;-0.09755771743573384;0.5430545665191573
1661426524317;1.2848;-0.1433;0.3181;-0.020742620951450796;-0.8324737944126799;-0.0949666250568488;0.5454708657825196
1661426524341;1.2737;-0.1373;0.3229;-0.023595498725807906;-0.831002032825676;-0.09340296298419418;0.5478638155465717
1661426524366;1.259;-0.1282;0.3278;-0.0243053764050081;-0.8296807423351783;-0.09275723208286796;0.5499410971843105
1661426524381;1.2473;-0.1206;0.3314;-0.024286065706293797;-0.828174254389696;-0.09283988722544549;0.5521941205034216
1661426524414;1.219;-0.1026;0.3394;-0.024374825876058367;-0.825471701115855;-0.09406053829086317;0.5560170443941818
1661426524437;1.1935;-0.0869;0.346;-0.02452356824504047;-0.822754941767692;-0.09522097389889307;0.5598266397083285
1661426524462;1.1642;-0.0696;0.3529;-0.02419010133844457;-0.8195779938098047;-0.09567580758804808;0.5644048997858775
1661426524486;1.1312;-0.0507;0.3598;-0.02371737162851993;-0.8163220098114611;-0.09626661789608902;0.5690242533137405
1661426524509;1.0949;-0.0309;0.3664;-0.023522246419090842;-0.812578163181589;-0.09659534611751164;0.5743106927023669
1661426524542;1.0426;-0.0039;0.3742;-0.024439071278994487;-0.8070294053085199;-0.09828568888007859;0.5817612862023094
1661426524566;1.0012;0.0161;0.3788;-0.02382224431076621;-0.8027257404928891;-0.09783180244077067;0.5877863767197491
1661426524590;0.9588;0.0356;0.3822;-0.024383926149439156;-0.798235046500853;-0.09862022732888187;0.5937173447398346
1661426524613;0.9155;0.0542;0.3843;-0.024809899338442742;-0.7933378029239583;-0.09834087813734181;0.6002738300424063
1661426524638;0.8723;0.0717;0.3851;-0.02593418667315313;-0.7883435134399503;-0.09857309969806419;0.6067332748371995
1661426524670;0.8151;0.0932;0.3838;-0.025920589730316898;-0.7822344515361861;-0.0975288089625724;0.614756469897029
1661426524695;0.7734;0.1077;0.3814;-0.026779984622730818;-0.7772599393719343;-0.09679153037249112;0.6211128872590671
1661426524717;0.7334;0.1206;0.3777;-0.027557249600182326;-0.7727775261472354;-0.09611641432975614;0.6267512488799863
1661426524741;0.6958;0.132;0.3731;-0.02849856747271276;-0.7683079597569612;-0.09527121771204036;0.6323085526084271
1661426524766;0.6609;0.1419;0.3678;-0.030269024947936096;-0.7638296131684745;-0.09481395995250978;0.637697750641888
1661426524798;0.6189;0.1529;0.3601;-0.030961346386502248;-0.758832716105242;-0.09299266167313719;0.643868518311947
1661426524822;0.5909;0.1597;0.354;-0.03219839142227063;-0.7549691595339004;-0.09182354606962626;0.6485007849877233
1661426524845;0.5656;0.1655;0.3479;-0.03324623916384112;-0.751612637310269;-0.09083024018240315;0.6524745194146433
1661426524870;0.5432;0.1703;0.342;-0.034160189652842565;-0.7488104914924115;-0.08995914284011441;0.655761604467086
1661426524894;0.5236;0.1743;0.3365;-0.03515259960150435;-0.7460291978920707;-0.08900722298498856;0.6590010962739519
1661426524925;0.5017;0.1785;0.3297;-0.036151944973691424;-0.7432252109722242;-0.08804600388228803;0.6622365316488303
1661426524949;0.4883;0.181;0.3254;-0.03675292994283577;-0.7415296068503232;-0.08746675973545784;0.6641781615247538
1661426524973;0.4776;0.1829;0.3218;-0.037453192242037275;-0.7398889997716036;-0.08678738687072574;0.6660551597938478
1661426525003;0.4694;0.1843;0.319;-0.037249544061544265;-0.7388054273447883;-0.08577739053066041;0.6673988696925119
1661426525021;0.4636;0.1853;0.3169;-0.03741506341132328;-0.7382075467899104;-0.08561839083045561;0.6680712701830188
1661426525053;0.4588;0.1861;0.3151;-0.03800050927655535;-0.7371832661559353;-0.08504570317349597;0.6692413778048362
1661426525078;0.4569;0.1864;0.3144;-0.03794125465102438;-0.7371421597595479;-0.08510495779902719;0.6692824842012235
1661426525101;0.4561;0.1865;0.3141;-0.03788207185990283;-0.7371009500069903;-0.08516414059014868;0.6693236939537812
1661426525125;0.4559;0.1865;0.3141;-0.03788207185990283;-0.7371009500069903;-0.08516414059014868;0.6693236939537812
1661426525151;0.4559;0.1865;0.3141;-0.03788207185990283;-0.7371009500069903;-0.08516414059014868;0.6693236939537812
1661426525181;0.4559;0.1865;0.3141;-0.03788207185990283;-0.7371009500069903;-0.08516414059014868;0.6693236939537812
1661426525205;0.4559;0.1865;0.3141;-0.03788207185990283;-0.7371009500069903;-0.08516414059014868;0.6693236939537812
1661426525229;0.4559;0.1865;0.3141;-0.03788207185990283;-0.7371009500069903;-0.08516414059014868;0.6693236939537812
1661426525254;0.4559;0.1865;0.3141;-0.03788207185990283;-0.7371009500069903;-0.08516414059014868;0.6693236939537812
1661426525278;0.4559;0.1865;0.3141;-0.03788207185990283;-0.7371009500069903;-0.08516414059014868;0.6693236939537812
1661426525309;0.4559;0.1865;0.3141;-0.03788207185990283;-0.7371009500069903;-0.08516414059014868;0.6693236939537812
1661426525333;0.4559;0.1865;0.3141;-0.03788207185990283;-0.7371009500069903;-0.08516414059014868;0.6693236939537812
1661426525357;0.4559;0.1865;0.3141;-0.03788207185990283;-0.7371009500069903;-0.08516414059014868;0.6693236939537812
1661426525381;0.4559;0.1865;0.3141;-0.03788207185990283;-0.7371009500069903;-0.08516414059014868;0.6693236939537812
1661426525406;0.4559;0.1865;0.3141;-0.03788207185990283;-0.7371009500069903;-0.08516414059014868;0.6693236939537812
1661426525437;0.4559;0.1865;0.3141;-0.03788207185990283;-0.7371009500069903;-0.08516414059014868;0.6693236939537812
1661426525462;0.4559;0.1865;0.3141;-0.03788207185990283;-0.7371009500069903;-0.08516414059014868;0.6693236939537812
1661426525485;0.4559;0.1865;0.3141;-0.03788207185990283;-0.7371009500069903;-0.08516414059014868;0.6693236939537812
1661426525509;0.4559;0.1865;0.3141;-0.03788207185990283;-0.7371009500069903;-0.08516414059014868;0.6693236939537812
1661426525525;0.4559;0.1865;0.3141;-0.03788207185990283;-0.7371009500069903;-0.08516414059014868;0.6693236939537812
1661426525557;0.4559;0.1865;0.3141;-0.03788207185990283;-0.7371009500069903;-0.08516414059014868;0.6693236939537812
1661426525582;0.4559;0.1865;0.3141;-0.03788207185990283;-0.7371009500069903;-0.08516414059014868;0.6693236939537812
1661426525605;0.4559;0.1865;0.3141;-0.03788207185990283;-0.7371009500069903;-0.08516414059014868;0.6693236939537812
1661426525629;0.4559;0.1865;0.3141;-0.03788207185990283;-0.7371009500069903;-0.08516414059014868;0.6693236939537812
1661426525653;0.4559;0.1865;0.3141;-0.03788207185990283;-0.7371009500069903;-0.08516414059014868;0.6693236939537812
1661426525685;0.4559;0.1865;0.3141;-0.03788207185990283;-0.7371009500069903;-0.08516414059014868;0.6693236939537812
1661426525709;0.4559;0.1865;0.3141;-0.03788207185990283;-0.7371009500069903;-0.08516414059014868;0.6693236939537812
1661426525733;0.4559;0.1865;0.3141;-0.03788207185990283;-0.7371009500069903;-0.08516414059014868;0.6693236939537812
1661426525758;0.4559;0.1865;0.3141;-0.03788207185990283;-0.7371009500069903;-0.08516414059014868;0.6693236939537812
1661426525782;0.4559;0.1865;0.3141;-0.03788207185990283;-0.7371009500069903;-0.08516414059014868;0.6693236939537812
1661426525813;0.4559;0.1865;0.3141;-0.03788207185990283;-0.7371009500069903;-0.08516414059014868;0.6693236939537812
1661426525838;0.4559;0.1865;0.3141;-0.03788207185990283;-0.7371009500069903;-0.08516414059014868;0.6693236939537812
1661426525862;0.4559;0.1865;0.3141;-0.03788207185990283;-0.7371009500069903;-0.08516414059014868;0.6693236939537812
1661426525885;0.4559;0.1865;0.3141;-0.03788207185990283;-0.7371009500069903;-0.08516414059014868;0.6693236939537812
1661426525909;0.4559;0.1865;0.3141;-0.03788207185990283;-0.7371009500069903;-0.08516414059014868;0.6693236939537812
1661426525941;0.4559;0.1865;0.3141;-0.03788207185990283;-0.7371009500069903;-0.08516414059014868;0.6693236939537812
1661426525965;0.4559;0.1865;0.3141;-0.03788207185990283;-0.7371009500069903;-0.08516414059014868;0.6693236939537812
1661426525989;0.4559;0.1865;0.3141;-0.03788207185990283;-0.7371009500069903;-0.08516414059014868;0.6693236939537812
1661426526013;0.4559;0.1865;0.3141;-0.03788207185990283;-0.7371009500069903;-0.08516414059014868;0.6693236939537812
