1661426194394;0.4559;0.1865;0.3141;-0.03788207185990283;-0.7371009500069903;-0.08516414059014868;0.6693236939537812
1661426194420;0.4559;0.1865;0.3141;-0.03788207185990283;-0.7371009500069903;-0.08516414059014868;0.6693236939537812
1661426194442;0.4559;0.1865;0.3141;-0.03788207185990283;-0.7371009500069903;-0.08516414059014868;0.6693236939537812
1661426194458;0.4559;0.1865;0.3141;-0.03788207185990283;-0.7371009500069903;-0.08516414059014868;0.6693236939537812
1661426194482;0.4559;0.1865;0.3141;-0.03788207185990283;-0.7371009500069903;-0.08516414059014868;0.6693236939537812
1661426194498;0.4559;0.1865;0.3141;-0.03788207185990283;-0.7371009500069903;-0.08516414059014868;0.6693236939537812
1661426194514;0.4559;0.1865;0.3141;-0.03788207185990283;-0.7371009500069903;-0.08516414059014868;0.6693236939537812
1661426194530;0.4559;0.1865;0.3141;-0.03788207185990283;-0.7371009500069903;-0.08516414059014868;0.6693236939537812
1661426194554;0.4559;0.1865;0.3141;-0.03788207185990283;-0.7371009500069903;-0.08516414059014868;0.6693236939537812
1661426194578;0.4559;0.1865;0.3141;-0.03788207185990283;-0.7371009500069903;-0.08516414059014868;0.6693236939537812
1661426194602;0.4559;0.1865;0.3141;-0.03788207185990283;-0.7371009500069903;-0.08516414059014868;0.6693236939537812
1661426194620;0.4559;0.1865;0.3141;-0.03788207185990283;-0.7371009500069903;-0.08516414059014868;0.6693236939537812
1661426194650;0.4559;0.1865;0.3141;-0.03788207185990283;-0.7371009500069903;-0.08516414059014868;0.6693236939537812
1661426194674;0.4559;0.1865;0.3141;-0.03788207185990283;-0.7371009500069903;-0.08516414059014868;0.6693236939537812
1661426194690;0.4559;0.1865;0.3141;-0.03788207185990283;-0.7371009500069903;-0.08516414059014868;0.6693236939537812
1661426194706;0.4559;0.1865;0.3141;-0.03788207185990283;-0.7371009500069903;-0.08516414059014868;0.6693236939537812
1661426194722;0.4559;0.1865;0.3141;-0.03788207185990283;-0.7371009500069903;-0.08516414059014868;0.6693236939537812
1661426194738;0.4559;0.1865;0.3141;-0.03788207185990283;-0.7371009500069903;-0.08516414059014868;0.6693236939537812
1661426194754;0.4559;0.1865;0.3141;-0.03788207185990283;-0.7371009500069903;-0.08516414059014868;0.6693236939537812
1661426194778;0.4559;0.1865;0.3141;-0.03788207185990283;-0.7371009500069903;-0.08516414059014868;0.6693236939537812
1661426194802;0.4559;0.1865;0.3141;-0.03788207185990283;-0.7371009500069903;-0.08516414059014868;0.6693236939537812
1661426194818;0.4559;0.1865;0.3141;-0.03788207185990283;-0.7371009500069903;-0.08516414059014868;0.6693236939537812
1661426194842;0.4559;0.1865;0.3141;-0.03788207185990283;-0.7371009500069903;-0.08516414059014868;0.6693236939537812
1661426194858;0.4559;0.1865;0.3141;-0.03788207185990283;-0.7371009500069903;-0.08516414059014868;0.6693236939537812
1661426194884;0.4559;0.1865;0.3141;-0.03788207185990283;-0.7371009500069903;-0.08516414059014868;0.6693236939537812
1661426194898;0.4559;0.1865;0.3141;-0.03788207185990283;-0.7371009500069903;-0.08516414059014868;0.6693236939537812
1661426194930;0.4559;0.1865;0.3141;-0.03788207185990283;-0.7371009500069903;-0.08516414059014868;0.6693236939537812
1661426194946;0.4559;0.1865;0.3141;-0.03788207185990283;-0.7371009500069903;-0.08516414059014868;0.6693236939537812
1661426194962;0.4559;0.1865;0.3141;-0.03788207185990283;-0.7371009500069903;-0.08516414059014868;0.6693236939537812
1661426194978;0.4559;0.1865;0.3141;-0.03788207185990283;-0.7371009500069903;-0.08516414059014868;0.6693236939537812
1661426194994;0.4559;0.1865;0.3141;-0.03788207185990283;-0.7371009500069903;-0.08516414059014868;0.6693236939537812
1661426195018;0.4559;0.1865;0.3141;-0.03788207185990283;-0.7371009500069903;-0.08516414059014868;0.6693236939537812
1661426195042;0.4559;0.1865;0.3141;-0.03788207185990283;-0.7371009500069903;-0.08516414059014868;0.6693236939537812
1661426195066;0.4559;0.1865;0.3141;-0.03788207185990283;-0.7371009500069903;-0.08516414059014868;0.6693236939537812
1661426195082;0.4559;0.1865;0.3141;-0.03788207185990283;-0.7371009500069903;-0.08516414059014868;0.6693236939537812
1661426195099;0.4559;0.1865;0.3141;-0.03788207185990283;-0.7371009500069903;-0.08516414059014868;0.6693236939537812
1661426195122;0.4559;0.1865;0.3141;-0.03788207185990283;-0.7371009500069903;-0.08516414059014868;0.6693236939537812
1661426195138;0.4559;0.1865;0.3141;-0.03788207185990283;-0.7371009500069903;-0.08516414059014868;0.6693236939537812
1661426195146;0.4559;0.1865;0.3141;-0.03788207185990283;-0.7371009500069903;-0.08516414059014868;0.6693236939537812
1661426195162;0.4559;0.1865;0.3141;-0.03788207185990283;-0.7371009500069903;-0.08516414059014868;0.6693236939537812
1661426195186;0.4559;0.1865;0.3141;-0.03788207185990283;-0.7371009500069903;-0.08516414059014868;0.6693236939537812
1661426195202;0.4559;0.1865;0.3141;-0.03788207185990283;-0.7371009500069903;-0.08516414059014868;0.6693236939537812
1661426195226;0.4559;0.1865;0.3141;-0.03788207185990283;-0.7371009500069903;-0.08516414059014868;0.6693236939537812
1661426195242;0.4559;0.1865;0.3141;-0.03788207185990283;-0.7371009500069903;-0.08516414059014868;0.6693236939537812
1661426195258;0.4559;0.1865;0.3141;-0.03788207185990283;-0.7371009500069903;-0.08516414059014868;0.6693236939537812
1661426195274;0.4559;0.1865;0.3141;-0.03788207185990283;-0.7371009500069903;-0.08516414059014868;0.6693236939537812
1661426195290;0.4559;0.1865;0.3141;-0.03788207185990283;-0.7371009500069903;-0.08516414059014868;0.6693236939537812
1661426195314;0.4559;0.1865;0.3141;-0.03788207185990283;-0.7371009500069903;-0.08516414059014868;0.6693236939537812
1661426195330;0.4559;0.1865;0.3141;-0.03788207185990283;-0.7371009500069903;-0.08516414059014868;0.6693236939537812
1661426195346;0.4559;0.1865;0.3141;-0.03788207185990283;-0.7371009500069903;-0.08516414059014868;0.6693236939537812
1661426195362;0.4559;0.1865;0.3141;-0.03788207185990283;-0.7371009500069903;-0.08516414059014868;0.6693236939537812
1661426195378;0.4559;0.1865;0.3141;-0.03788207185990283;-0.7371009500069903;-0.08516414059014868;0.6693236939537812
1661426195402;0.4559;0.1865;0.3141;-0.03788207185990283;-0.7371009500069903;-0.08516414059014868;0.6693236939537812
1661426195418;0.4559;0.1865;0.3141;-0.03788207185990283;-0.7371009500069903;-0.08516414059014868;0.6693236939537812
1661426195442;0.4559;0.1865;0.3141;-0.03788207185990283;-0.7371009500069903;-0.08516414059014868;0.6693236939537812
1661426195458;0.4559;0.1865;0.3141;-0.03788207185990283;-0.7371009500069903;-0.08516414059014868;0.6693236939537812
1661426195474;0.4559;0.1865;0.3141;-0.03788207185990283;-0.7371009500069903;-0.08516414059014868;0.6693236939537812
1661426195490;0.4559;0.1865;0.3141;-0.03788207185990283;-0.7371009500069903;-0.08516414059014868;0.6693236939537812
1661426195506;0.4559;0.1865;0.3141;-0.03788207185990283;-0.7371009500069903;-0.08516414059014868;0.6693236939537812
1661426195530;0.4559;0.1865;0.3141;-0.03788207185990283;-0.7371009500069903;-0.08516414059014868;0.6693236939537812
1661426195546;0.4559;0.1865;0.3141;-0.03788207185990283;-0.7371009500069903;-0.08516414059014868;0.6693236939537812
1661426195570;0.4559;0.1865;0.3141;-0.03788207185990283;-0.7371009500069903;-0.08516414059014868;0.6693236939537812
1661426195586;0.4559;0.1865;0.3141;-0.03788207185990283;-0.7371009500069903;-0.08516414059014868;0.6693236939537812
1661426195602;0.4559;0.1865;0.3141;-0.03788207185990283;-0.7371009500069903;-0.08516414059014868;0.6693236939537812
1661426195618;0.4559;0.1865;0.3141;-0.03788207185990283;-0.7371009500069903;-0.08516414059014868;0.6693236939537812
1661426195634;0.4559;0.1865;0.3141;-0.03788207185990283;-0.7371009500069903;-0.08516414059014868;0.6693236939537812
1661426195652;0.4559;0.1865;0.3141;-0.03788207185990283;-0.7371009500069903;-0.08516414059014868;0.6693236939537812
1661426195666;0.4559;0.1865;0.3141;-0.03788207185990283;-0.7371009500069903;-0.08516414059014868;0.6693236939537812
1661426195682;0.4559;0.1865;0.3141;-0.03788207185990283;-0.7371009500069903;-0.08516414059014868;0.6693236939537812
1661426195706;0.4559;0.1865;0.3141;-0.03788207185990283;-0.7371009500069903;-0.08516414059014868;0.6693236939537812
1661426195730;0.4559;0.1865;0.3141;-0.03788207185990283;-0.7371009500069903;-0.08516414059014868;0.6693236939537812
1661426195746;0.4559;0.1865;0.3141;-0.03788207185990283;-0.7371009500069903;-0.08516414059014868;0.6693236939537812
1661426195762;0.4559;0.1865;0.3141;-0.03788207185990283;-0.7371009500069903;-0.08516414059014868;0.6693236939537812
1661426195778;0.4559;0.1865;0.3141;-0.03788207185990283;-0.7371009500069903;-0.08516414059014868;0.6693236939537812
1661426195794;0.4559;0.1865;0.3141;-0.03788207185990283;-0.7371009500069903;-0.08516414059014868;0.6693236939537812
1661426195810;0.4559;0.1865;0.3141;-0.03788207185990283;-0.7371009500069903;-0.08516414059014868;0.6693236939537812
1661426195842;0.4559;0.1865;0.3141;-0.03788207185990283;-0.7371009500069903;-0.08516414059014868;0.6693236939537812
1661426195858;0.4559;0.1865;0.3141;-0.03788207185990283;-0.7371009500069903;-0.08516414059014868;0.6693236939537812
1661426195874;0.4559;0.1865;0.3141;-0.03788207185990283;-0.7371009500069903;-0.08516414059014868;0.6693236939537812
1661426195890;0.4559;0.1865;0.3141;-0.03788207185990283;-0.7371009500069903;-0.08516414059014868;0.6693236939537812
1661426195906;0.4559;0.1865;0.3141;-0.03788207185990283;-0.7371009500069903;-0.08516414059014868;0.6693236939537812
1661426195930;0.4559;0.1865;0.3141;-0.03788207185990283;-0.7371009500069903;-0.08516414059014868;0.6693236939537812
1661426195962;0.4559;0.1865;0.3141;-0.03788207185990283;-0.7371009500069903;-0.08516414059014868;0.6693236939537812
1661426195978;0.4559;0.1865;0.3141;-0.03788207185990283;-0.7371009500069903;-0.08516414059014868;0.6693236939537812
1661426195994;0.4559;0.1865;0.3141;-0.03788207185990283;-0.7371009500069903;-0.08516414059014868;0.6693236939537812
1661426196010;0.4559;0.1865;0.3141;-0.03788207185990283;-0.7371009500069903;-0.08516414059014868;0.6693236939537812
1661426196034;0.4559;0.1865;0.3141;-0.03788207185990283;-0.7371009500069903;-0.08516414059014868;0.6693236939537812
1661426196058;0.4559;0.1865;0.3141;-0.03788207185990283;-0.7371009500069903;-0.08516414059014868;0.6693236939537812
1661426196082;0.4559;0.1865;0.3141;-0.03788207185990283;-0.7371009500069903;-0.08516414059014868;0.6693236939537812
1661426196098;0.4559;0.1865;0.3141;-0.03788207185990283;-0.7371009500069903;-0.08516414059014868;0.6693236939537812
1661426196114;0.4559;0.1865;0.3141;-0.03788207185990283;-0.7371009500069903;-0.08516414059014868;0.6693236939537812
1661426196130;0.4559;0.1865;0.3141;-0.03788207185990283;-0.7371009500069903;-0.08516414059014868;0.6693236939537812
1661426196146;0.4559;0.1865;0.3141;-0.03788207185990283;-0.7371009500069903;-0.08516414059014868;0.6693236939537812
1661426196162;0.4559;0.1865;0.3141;-0.03788207185990283;-0.7371009500069903;-0.08516414059014868;0.6693236939537812
1661426196178;0.4559;0.1865;0.3141;-0.03788207185990283;-0.7371009500069903;-0.08516414059014868;0.6693236939537812
1661426196194;0.4559;0.1865;0.3141;-0.03788207185990283;-0.7371009500069903;-0.08516414059014868;0.6693236939537812
1661426196218;0.4559;0.1865;0.3141;-0.03788207185990283;-0.7371009500069903;-0.08516414059014868;0.6693236939537812
1661426196234;0.4559;0.1865;0.3141;-0.03788207185990283;-0.7371009500069903;-0.08516414059014868;0.6693236939537812
1661426196251;0.4559;0.1865;0.3141;-0.03788207185990283;-0.7371009500069903;-0.08516414059014868;0.6693236939537812
1661426196267;0.4559;0.1865;0.3141;-0.03788207185990283;-0.7371009500069903;-0.08516414059014868;0.6693236939537812
1661426196282;0.4559;0.1865;0.3141;-0.03788207185990283;-0.7371009500069903;-0.08516414059014868;0.6693236939537812
1661426196298;0.4559;0.1865;0.3141;-0.03788207185990283;-0.7371009500069903;-0.08516414059014868;0.6693236939537812
1661426196314;0.4559;0.1865;0.3141;-0.03788207185990283;-0.7371009500069903;-0.08516414059014868;0.6693236939537812
1661426196338;0.4559;0.1865;0.3141;-0.03788207185990283;-0.7371009500069903;-0.08516414059014868;0.6693236939537812
1661426196354;0.4559;0.1865;0.3141;-0.03788207185990283;-0.7371009500069903;-0.08516414059014868;0.6693236939537812
1661426196370;0.4559;0.1865;0.3141;-0.03788207185990283;-0.7371009500069903;-0.08516414059014868;0.6693236939537812
1661426196386;0.4559;0.1865;0.3141;-0.03788207185990283;-0.7371009500069903;-0.08516414059014868;0.6693236939537812
1661426196402;0.4559;0.1865;0.3141;-0.03788207185990283;-0.7371009500069903;-0.08516414059014868;0.6693236939537812
1661426196418;0.4559;0.1865;0.3141;-0.03788207185990283;-0.7371009500069903;-0.08516414059014868;0.6693236939537812
1661426196434;0.4559;0.1865;0.3141;-0.03788207185990283;-0.7371009500069903;-0.08516414059014868;0.6693236939537812
1661426196450;0.4559;0.1865;0.3141;-0.03788207185990283;-0.7371009500069903;-0.08516414059014868;0.6693236939537812
1661426196466;0.4559;0.1865;0.3141;-0.03788207185990283;-0.7371009500069903;-0.08516414059014868;0.6693236939537812
1661426196482;0.4559;0.1865;0.3141;-0.03788207185990283;-0.7371009500069903;-0.08516414059014868;0.6693236939537812
1661426196498;0.4559;0.1865;0.3141;-0.03788207185990283;-0.7371009500069903;-0.08516414059014868;0.6693236939537812
1661426196514;0.4559;0.1865;0.3141;-0.03788207185990283;-0.7371009500069903;-0.08516414059014868;0.6693236939537812
1661426196530;0.4559;0.1865;0.3141;-0.03788207185990283;-0.7371009500069903;-0.08516414059014868;0.6693236939537812
1661426196546;0.4559;0.1865;0.3141;-0.03788207185990283;-0.7371009500069903;-0.08516414059014868;0.6693236939537812
1661426196562;0.4559;0.1865;0.3141;-0.03788207185990283;-0.7371009500069903;-0.08516414059014868;0.6693236939537812
1661426196594;0.4559;0.1865;0.3141;-0.03788207185990283;-0.7371009500069903;-0.08516414059014868;0.6693236939537812
1661426196610;0.4559;0.1865;0.3141;-0.03788207185990283;-0.7371009500069903;-0.08516414059014868;0.6693236939537812
1661426196626;0.4559;0.1865;0.3141;-0.03788207185990283;-0.7371009500069903;-0.08516414059014868;0.6693236939537812
1661426196642;0.4559;0.1865;0.3141;-0.03788207185990283;-0.7371009500069903;-0.08516414059014868;0.6693236939537812
1661426196658;0.4559;0.1865;0.3141;-0.03788207185990283;-0.7371009500069903;-0.08516414059014868;0.6693236939537812
1661426196666;0.4559;0.1865;0.3141;-0.03788207185990283;-0.7371009500069903;-0.08516414059014868;0.6693236939537812
1661426196682;0.4559;0.1865;0.3141;-0.03788207185990283;-0.7371009500069903;-0.08516414059014868;0.6693236939537812
1661426196698;0.4559;0.1865;0.3141;-0.03788207185990283;-0.7371009500069903;-0.08516414059014868;0.6693236939537812
1661426196722;0.4559;0.1865;0.3141;-0.03788207185990283;-0.7371009500069903;-0.08516414059014868;0.6693236939537812
1661426196738;0.4559;0.1865;0.3141;-0.03788207185990283;-0.7371009500069903;-0.08516414059014868;0.6693236939537812
1661426196754;0.4559;0.1865;0.3141;-0.03788207185990283;-0.7371009500069903;-0.08516414059014868;0.6693236939537812
1661426196770;0.4559;0.1865;0.3141;-0.03788207185990283;-0.7371009500069903;-0.08516414059014868;0.6693236939537812
1661426196786;0.4559;0.1865;0.3141;-0.03788207185990283;-0.7371009500069903;-0.08516414059014868;0.6693236939537812
1661426196802;0.4559;0.1865;0.3141;-0.03788207185990283;-0.7371009500069903;-0.08516414059014868;0.6693236939537812
1661426196818;0.4559;0.1865;0.3141;-0.03788207185990283;-0.7371009500069903;-0.08516414059014868;0.6693236939537812
1661426196851;0.4559;0.1865;0.3141;-0.03788207185990283;-0.7371009500069903;-0.08516414059014868;0.6693236939537812
1661426196866;0.4559;0.1865;0.3141;-0.03788207185990283;-0.7371009500069903;-0.08516414059014868;0.6693236939537812
1661426196882;0.4559;0.1865;0.3141;-0.03788207185990283;-0.7371009500069903;-0.08516414059014868;0.6693236939537812
1661426196898;0.4559;0.1865;0.3141;-0.03788207185990283;-0.7371009500069903;-0.08516414059014868;0.6693236939537812
1661426196914;0.4559;0.1865;0.3141;-0.03788207185990283;-0.7371009500069903;-0.08516414059014868;0.6693236939537812
1661426196930;0.4562;0.1865;0.3142;-0.03788207185990283;-0.7371009500069903;-0.08516414059014868;0.6693236939537812
1661426196946;0.4567;0.1864;0.3143;-0.03794125465102438;-0.7371421597595479;-0.08510495779902719;0.6692824842012235
1661426196962;0.4576;0.1863;0.3147;-0.03794125465102438;-0.7371421597595479;-0.08510495779902719;0.6692824842012235
1661426196994;0.4613;0.1857;0.316;-0.037706879487576006;-0.7376951294593121;-0.08533300070844968;0.6686571365067525
1661426197010;0.4643;0.1852;0.3171;-0.03747630553676726;-0.7382495586954326;-0.0855571487050116;0.6680292582774967
1661426197026;0.4683;0.1845;0.3185;-0.037249544061544265;-0.7388054273447883;-0.08577739053066041;0.6673988696925119
1661426197042;0.4734;0.1836;0.3203;-0.03702660622809828;-0.7393627152289497;-0.08599371502416966;0.6667659909869774
1661426197059;0.4797;0.1825;0.3225;-0.03717298372315819;-0.7404057748327173;-0.08706072685238853;0.6654606582777189
1661426197082;0.4917;0.1804;0.3265;-0.035901099000907516;-0.742125126765214;-0.0870847503750086;0.6636095641010341
1661426197106;0.5066;0.1776;0.3313;-0.035959417601397925;-0.7437929585156474;-0.08823109514209809;0.6615846347961345
1661426197122;0.5182;0.1754;0.3349;-0.03533047148657631;-0.7454569225604103;-0.0888371654836135;0.6596618015469258
1661426197138;0.5313;0.1728;0.3387;-0.03415668232848945;-0.7472073073497325;-0.08876121762678638;0.6577507180846581
1661426197154;0.5457;0.1698;0.3427;-0.033921757777754524;-0.7493398707564409;-0.09018919310465431;0.6551373763502731
1661426197170;0.5616;0.1663;0.3469;-0.03347399864097664;-0.7510805649369233;-0.09061124034035115;0.6531057184813185
1661426197186;0.5791;0.1624;0.3512;-0.03244505081317048;-0.7537961185698009;-0.09159544516416479;0.649883839414408
1661426197202;0.598;0.158;0.3556;-0.03177794551802213;-0.7560405261117585;-0.09222505569610559;0.6472151297344332
1661426197218;0.6185;0.153;0.36;-0.03152321580570405;-0.7587512757671607;-0.09365483264850315;0.6438412542766687
1661426197242;0.6524;0.1442;0.3664;-0.029957578521066758;-0.762773848678857;-0.09392387469831033;0.639106333110895
1661426197258;0.677;0.1374;0.3704;-0.02903028454352441;-0.766079400879515;-0.09478529941318589;0.6350553843111308
1661426197282;0.7171;0.1257;0.3759;-0.02867990546075394;-0.7705161206166496;-0.09626432690477991;0.6294565515253621
1661426197306;0.7608;0.1119;0.3803;-0.027435108571355865;-0.7760232589145856;-0.09738302953432713;0.6225365547499844
1661426197322;0.7913;0.1016;0.3826;-0.026992834188322337;-0.7794195463991592;-0.09774508413221912;0.6182414221979922
1661426197338;0.8228;0.0905;0.3841;-0.026503294797837598;-0.7827575920122524;-0.09815098398451942;0.613966213936003
1661426197362;0.8711;0.0725;0.3851;-0.024771430145298395;-0.7881740186076468;-0.09851837480790361;0.6070108915543766
1661426197387;0.9201;0.053;0.3842;-0.023168955794563198;-0.7938361913784743;-0.09994989474895198;0.5994141467172606
1661426197410;0.9695;0.0324;0.3816;-0.021385396820114227;-0.7987849747650205;-0.1015681954265721;0.5925952502090119
1661426197426;1.0023;0.018;0.3787;-0.019779262386232718;-0.8020731752850314;-0.10305307705692376;0.5879349161061481
1661426197442;1.0349;0.0033;0.3751;-0.017275930323894087;-0.8052712948396819;-0.10421875797936792;0.5834193469742875
1661426197458;1.0672;-0.0117;0.3707;-0.014117922075258374;-0.808727673564772;-0.10601839082213113;0.5783773293398301
1661426197490;1.1309;-0.0425;0.3595;-0.007775416753463993;-0.8148868679050938;-0.11205040154798723;0.5686331356182747
1661426197506;1.1624;-0.0582;0.3528;-0.003314875626797442;-0.8176372029207715;-0.11514118948956041;0.5640930087161204
1661426197522;1.1938;-0.0743;0.3453;0.0019823609625841676;-0.82047490763319;-0.11904496945046023;0.5591469318862987
1661426197530;1.2095;-0.0824;0.3412;0.003981202385488075;-0.8219315384980406;-0.12213925241674324;0.5563224775873152
1661426197546;1.2406;-0.0987;0.3326;0.010280166030279703;-0.8246605181898823;-0.12701402616419405;0.5510869124582312
1661426197562;1.2713;-0.1151;0.3234;0.016778314166519093;-0.8271429812505806;-0.13208365106624687;0.545991653656575
1661426197578;1.3014;-0.1316;0.3136;0.023301832001652395;-0.8296318139191081;-0.13834632349218634;0.5403964958573036
1661426197594;1.3308;-0.1479;0.3033;0.030042962999054623;-0.8318236841961285;-0.14481600818356097;0.5349720577360987
1661426197602;1.3453;-0.1559;0.2981;0.033784945760197416;-0.8329057762828933;-0.14840547008219257;0.5320736431399836
1661426197626;1.3872;-0.1796;0.282;0.04509580093271032;-0.8357819234462294;-0.15923992554610583;0.5235242031566729
1661426197650;1.4267;-0.2021;0.2658;0.05734655985967199;-0.8380007126074802;-0.169805103479857;0.5153953866438964
1661426197674;1.4632;-0.2228;0.2502;0.06938695895419322;-0.8399764772609397;-0.18128834331313892;0.5067144207087154
1661426197698;1.4963;-0.2412;0.2356;0.08271690936390746;-0.8414697086711729;-0.19169213311789235;0.4983380061713603
1661426197722;1.5256;-0.2571;0.2225;0.09384457071596239;-0.8421001113204905;-0.202279409635783;0.4910637835338232
1661426197754;1.5589;-0.2744;0.2077;0.10862671568955151;-0.84255145870615;-0.21517126287152952;0.4816727143039257
1661426197778;1.58;-0.2847;0.1986;0.11897077868635395;-0.8424306909201347;-0.2238471929256921;0.4754460211568452
1661426197818;1.6078;-0.2977;0.1868;0.1325450434179151;-0.8418119597531226;-0.23556789698319325;0.46721751015224766
1661426197842;1.6204;-0.3032;0.1801;0.1394636402481549;-0.8414805860315099;-0.2409846316736568;0.46301913964534125
1661426197874;1.633;-0.3077;0.1678;0.14567521376134374;-0.8411515030057487;-0.2457313356464193;0.4591938498806182
1661426197898;1.64;-0.3086;0.1536;0.14880935935697032;-0.8409030843838146;-0.24868145735097907;0.4570506646000515
1661426197922;1.6451;-0.3075;0.1342;0.15109849611424378;-0.8403130519935055;-0.2508592668659017;0.45619387035434444
1661426197946;1.6489;-0.3048;0.1103;0.1522921504255045;-0.8402595014992101;-0.2519783231076627;0.4552779324137345
1661426197970;1.6515;-0.301;0.0844;0.1526605680678697;-0.8398326493941373;-0.25343943512062156;0.4551311071488736
1661426198002;1.6536;-0.2959;0.053;0.1522633331720495;-0.8396111620077983;-0.25417223076990636;0.45526415530843367
1661426198026;1.6544;-0.2928;0.0354;0.1518659823210774;-0.8393890352210353;-0.2549048328559806;0.455396856764535
1661426198050;1.6548;-0.2907;0.0238;0.1522633331720495;-0.8396111620077983;-0.25417223076990636;0.45526415530843367
1661426198076;1.6551;-0.2897;0.0175;0.15153057632679404;-0.8397437171154171;-0.25456942686169726;0.4550421748701533
1661426198098;1.6552;-0.2893;0.0147;0.15137793602898034;-0.841100164730967;-0.25433917973847414;0.45271052011534496
1661426198130;1.6552;-0.2893;0.013;0.14986965117026982;-0.8437967735535703;-0.253841637167905;0.44845347120811097
1661426198154;1.6552;-0.2894;0.0114;0.14876260924820991;-0.8472132122287129;-0.25257577863693687;0.44306312773770207
1661426198178;1.6553;-0.2895;0.0093;0.14618190299839634;-0.8518889741022944;-0.25200105537994877;0.43521430942249595
1661426198202;1.6553;-0.2897;0.0064;0.1438856565861255;-0.8577221861368578;-0.25156896367464;0.4246441165882988
1661426198226;1.6554;-0.2899;0.003;0.14128034252317573;-0.8646088358404757;-0.2496458440500268;0.4125147007703618
1661426198258;1.6554;-0.2903;-0.0024;0.13570206011074545;-0.8753360977145123;-0.24773202069475733;0.39242899082779525
1661426198282;1.6555;-0.2906;-0.0069;0.1325683043746281;-0.8839422788436256;-0.2449773694391808;0.37557659779415586
1661426198306;1.6555;-0.2909;-0.0115;0.12850632646753213;-0.8921950090937227;-0.24339214990417812;0.358098381972181
1661426198330;1.6556;-0.2912;-0.016;0.12431887471431712;-0.9000096211449513;-0.2416108928398511;0.3408103221697037
1661426198354;1.6556;-0.2914;-0.0202;0.1202666090727226;-0.9068999142669035;-0.23995033350683997;0.32479582154761216
1661426198391;1.6557;-0.2918;-0.0255;0.11645690372548145;-0.9152734007008643;-0.2370954098828498;0.3041350985279938
1661426198418;1.6558;-0.292;-0.0288;0.11325813488601744;-0.9198801725888787;-0.23633468109136363;0.29178584865177876
1661426198442;1.656;-0.2921;-0.0314;0.11223932163465866;-0.9229106589762825;-0.23480573324547865;0.283733180756162
1661426198467;1.6565;-0.2923;-0.034;0.11225192640094117;-0.9253005538444283;-0.23430222970324777;0.27626229426137516
1661426198490;1.6571;-0.2924;-0.0368;0.11302714896868658;-0.926972958713723;-0.23364121737668272;0.27084641210892646
1661426198522;1.6582;-0.2926;-0.0407;0.11621426468612273;-0.9288383998529878;-0.23311968227990887;0.26345528154834796
1661426198546;1.6593;-0.2928;-0.0441;0.11912552250509686;-0.9299485945284997;-0.23253384193225912;0.25871361343883514
1661426198570;1.6605;-0.293;-0.0479;0.12260918371613609;-0.9307211021858046;-0.2325371993129721;0.2542669246091259
1661426198594;1.6619;-0.2932;-0.0521;0.12657245520260735;-0.9317859649757899;-0.23194657084822123;0.24890784907244465
1661426198626;1.6637;-0.2934;-0.0574;0.1318662107404119;-0.932926611577152;-0.23157235540447063;0.24214351960885677
1661426198658;1.6652;-0.2936;-0.0616;0.13625755694442726;-0.9342030893209893;-0.23039622767346024;0.23583054160242906
1661426198682;1.6663;-0.2934;-0.0641;0.13886728178974228;-0.9349337582100127;-0.2306384197255969;0.2311291092746854
1661426198706;1.6676;-0.2928;-0.066;0.1404887266188133;-0.9363864011563464;-0.22985035766077047;0.22497163933639774
1661426198730;1.6691;-0.2916;-0.0673;0.14233078727810267;-0.937906115289152;-0.22924338017584436;0.217994354380018
1661426198754;1.6709;-0.2899;-0.068;0.1440019728645886;-0.9398942469127352;-0.22837599643170897;0.20906133235314725
1661426198786;1.6739;-0.2867;-0.0681;0.1453090427309751;-0.943494692824561;-0.22585805348192475;0.19414218086199295
1661426198810;1.6767;-0.2837;-0.0681;0.1468848804711131;-0.9464183924889065;-0.22463626887638807;0.17959845476227226
1661426198834;1.6799;-0.2801;-0.068;0.14842974653500518;-0.9498886736458193;-0.22228640805793187;0.16207674359895977
1661426198858;1.6836;-0.276;-0.0679;0.15108731049940233;-0.9532875520036113;-0.2190919008459547;0.14287829360937243
1661426198882;1.6874;-0.2718;-0.0678;0.15360623986023586;-0.9564285260200206;-0.21583104605448855;0.12274590522781545
1661426198914;1.6922;-0.2665;-0.0677;0.15694773454173394;-0.9597053275962939;-0.21145804128574672;0.09807440839027765
1661426198946;1.6962;-0.2621;-0.0676;0.15993521354818943;-0.9621572913972758;-0.20708215506084293;0.07609898247486477
1661426198970;1.6989;-0.2594;-0.0675;0.16127210854346016;-0.9634638137163936;-0.20430067245983544;0.06316662012066064
1661426198994;1.7017;-0.2572;-0.0674;0.16195808727844435;-0.9648534425431756;-0.20015503494470258;0.05258682690537417
1661426199026;1.7057;-0.2552;-0.0674;0.162786517949918;-0.9666308816623652;-0.19356393573610728;0.04072211896166395
1661426199050;1.7088;-0.2543;-0.0673;0.16149222013487124;-0.9680796599243355;-0.18861224608465285;0.03416804799217697
1661426199066;1.7111;-0.254;-0.0673;0.16029900824551202;-0.969284428531275;-0.1838793238789867;0.031310043310601686
1661426199090;1.7144;-0.2537;-0.0672;0.15828174826909705;-0.9709110109575569;-0.1774624304321774;0.02803181676876529
1661426199114;1.7174;-0.2536;-0.0672;0.15620364461463754;-0.9723375397798276;-0.17186978648477316;0.024917998268212095
1661426199138;1.7201;-0.2535;-0.0671;0.15477795218855298;-0.9734698873897969;-0.16695223330239503;0.02295899947639584
1661426199170;1.7226;-0.2535;-0.0671;0.15347574046317575;-0.9745480359927585;-0.16215646451611707;0.020164415378827846
1661426199194;1.7238;-0.2534;-0.0671;0.15196400292015563;-0.9752094044672601;-0.15976978082068566;0.018632670007412495
1661426199218;1.7246;-0.2533;-0.0671;0.15141743587926046;-0.9755649311041215;-0.1583436507322536;0.016526148502982584
1661426199242;1.7252;-0.2532;-0.0671;0.14929440113042516;-0.9761479476500051;-0.15706562703019078;0.013294919909642346
1661426199266;1.726;-0.253;-0.0672;0.1471589673407076;-0.9767181765755827;-0.1557705283952023;0.010068980165085242
1661426199298;1.7275;-0.2526;-0.0672;0.14199781032227243;-0.9779441886524156;-0.15313241692284185;0.0034998045684375804
1661426199322;1.7289;-0.2522;-0.0673;0.13764281326890535;-0.9788582112862685;-0.15127217244334276;-0.0027906983247666384
1661426199346;1.7305;-0.2518;-0.0674;0.1326336571762761;-0.9798853324911505;-0.14869946783785754;-0.011023448529907352
1661426199370;1.7323;-0.2513;-0.0675;0.12754465595047632;-0.980960827381333;-0.14516921327738191;-0.019342062925947083
1661426199394;1.7342;-0.2508;-0.0676;0.12154651544689023;-0.9819334824157853;-0.14236922834517546;-0.02764206059480196
1661426199426;1.7364;-0.2502;-0.0677;0.11570970339028312;-0.9826995606059554;-0.13963204123880812;-0.03762620344492118
1661426199450;1.7377;-0.2498;-0.0678;0.11111928270105126;-0.9832932087262745;-0.1373616018232158;-0.04380366456532051
1661426199482;1.7391;-0.2494;-0.0679;0.10746046568463917;-0.9836746887333936;-0.13515044278463811;-0.05070219793281329
1661426199506;1.7403;-0.2492;-0.0679;0.1051584203518846;-0.983867152733686;-0.13438922979191031;-0.05372771460562292
1661426199538;1.7432;-0.2487;-0.0679;0.10194237016027301;-0.9842527616646296;-0.132703995869877;-0.056955278963615956
1661426199562;1.7467;-0.2483;-0.0679;0.10022437062905647;-0.9844291854726543;-0.13260438808622135;-0.05718680426404713
1661426199586;1.7513;-0.2477;-0.0678;0.09759655567226612;-0.9848034115334281;-0.13159486624184327;-0.057618956358327096
1661426199610;1.7571;-0.247;-0.0677;0.094809510341165;-0.9851935082662369;-0.13130814353365297;-0.05624126119388279
1661426199634;1.7642;-0.2462;-0.0676;0.09207675684040338;-0.9856199525944745;-0.1302347800378574;-0.055803960127486105
1661426199670;1.7758;-0.2448;-0.0675;0.08665852738034584;-0.9863331756455991;-0.1289575084950056;-0.05483727980031418
1661426199698;1.7829;-0.2439;-0.0673;0.08300737128732391;-0.9867575364264322;-0.12864820533343557;-0.05356285916652369
1661426199722;1.7866;-0.2435;-0.0671;0.08050430908178088;-0.9865796141404137;-0.13189570702141207;-0.052756456013830236
1661426199747;1.7874;-0.2435;-0.0667;0.07731625029301542;-0.9859730396717853;-0.1385441477674223;-0.05181584314093875
1661426199770;1.7851;-0.2438;-0.0661;0.07442739255501687;-0.9844027965732135;-0.15121084306592292;-0.05046759629297369
1661426199802;1.7773;-0.2449;-0.065;0.06945881645244327;-0.9810715420412819;-0.1740178133817063;-0.048907083736579426
1661426199826;1.7692;-0.246;-0.064;0.06608079264359795;-0.9774006889126743;-0.1951320750355217;-0.047378217030140134
1661426199850;1.7614;-0.2471;-0.063;0.0624463882529402;-0.973501742529554;-0.21528980813549503;-0.04522283050702054
1661426199874;1.7549;-0.248;-0.0622;0.05944543213526928;-0.9699263571398069;-0.2320328987910199;-0.04324160268065165
1661426199898;1.7502;-0.2486;-0.0617;0.057228977162663404;-0.9672293216607789;-0.2437263701474424;-0.04230531866440528
1661426199930;1.7467;-0.2491;-0.0612;0.05551495009990115;-0.9650546763071498;-0.2528765820833844;-0.040509212371177154
1661426199955;1.7458;-0.2492;-0.0611;0.05474376372207293;-0.9646599940287195;-0.25452517095788074;-0.04063438941234995
1661426199978;1.7457;-0.2492;-0.0611;0.05477920306693259;-0.9644375116285157;-0.2553668985879416;-0.04058660099989169
1661426200002;1.7457;-0.2492;-0.0611;0.05477920306693259;-0.9644375116285157;-0.2553668985879416;-0.04058660099989169
1661426200026;1.7457;-0.2492;-0.0611;0.05477920306693259;-0.9644375116285157;-0.2553668985879416;-0.04058660099989169
1661426200058;1.7466;-0.2491;-0.0611;0.05477920306693259;-0.9644375116285157;-0.2553668985879416;-0.04058660099989169
1661426200082;1.749;-0.2488;-0.0609;0.05477920306693259;-0.9644375116285157;-0.2553668985879416;-0.04058660099989169
1661426200106;1.7532;-0.2484;-0.0607;0.05477920306693259;-0.9644375116285157;-0.2553668985879416;-0.04058660099989169
1661426200130;1.7594;-0.2477;-0.0603;0.05477920306693259;-0.9644375116285157;-0.2553668985879416;-0.04058660099989169
1661426200154;1.7674;-0.2468;-0.0598;0.05477920306693259;-0.9644375116285157;-0.2553668985879416;-0.04058660099989169
1661426200186;1.7808;-0.2452;-0.059;0.05477920306693259;-0.9644375116285157;-0.2553668985879416;-0.04058660099989169
1661426200210;1.7919;-0.244;-0.0584;0.0539375518149997;-0.9644849482646455;-0.255331382864954;-0.040809435176423915
1661426200238;1.8035;-0.2426;-0.0577;0.0539375518149997;-0.9644849482646455;-0.255331382864954;-0.040809435176423915
1661426200250;1.8078;-0.2421;-0.0574;0.0539375518149997;-0.9644849482646455;-0.255331382864954;-0.040809435176423915
1661426200274;1.8145;-0.2414;-0.057;0.0539375518149997;-0.9644849482646455;-0.255331382864954;-0.040809435176423915
1661426200306;1.8186;-0.2411;-0.0566;0.0539375518149997;-0.9644849482646455;-0.255331382864954;-0.040809435176423915
1661426200330;1.817;-0.2417;-0.0565;0.0539375518149997;-0.9644849482646455;-0.255331382864954;-0.040809435176423915
1661426200354;1.8112;-0.2429;-0.0564;0.0539375518149997;-0.9644849482646455;-0.255331382864954;-0.040809435176423915
1661426200378;1.8019;-0.2447;-0.0564;0.0539375518149997;-0.9644849482646455;-0.255331382864954;-0.040809435176423915
1661426200407;1.7876;-0.2475;-0.0564;0.0539375518149997;-0.9644849482646455;-0.255331382864954;-0.040809435176423915
1661426200442;1.7659;-0.2517;-0.0561;0.0539375518149997;-0.9644849482646455;-0.255331382864954;-0.040809435176423915
1661426200466;1.7516;-0.2547;-0.0547;0.0539375518149997;-0.9644849482646455;-0.255331382864954;-0.040809435176423915
1661426200490;1.7388;-0.2575;-0.0515;0.0539375518149997;-0.9644849482646455;-0.255331382864954;-0.040809435176423915
1661426200514;1.7281;-0.2604;-0.0457;0.0539375518149997;-0.9644849482646455;-0.255331382864954;-0.040809435176423915
1661426200538;1.7192;-0.2632;-0.0368;0.0539375518149997;-0.9644849482646455;-0.255331382864954;-0.040809435176423915
1661426200570;1.7102;-0.2671;-0.0203;0.0539375518149997;-0.9644849482646455;-0.255331382864954;-0.040809435176423915
1661426200594;1.7052;-0.2701;-0.0044;0.0539375518149997;-0.9644849482646455;-0.255331382864954;-0.040809435176423915
1661426200618;1.7007;-0.2732;0.0137;0.0539375518149997;-0.9644849482646455;-0.255331382864954;-0.040809435176423915
1661426200642;1.6964;-0.2765;0.0327;0.0539375518149997;-0.9644849482646455;-0.255331382864954;-0.040809435176423915
1661426200666;1.6923;-0.2795;0.0508;0.0539375518149997;-0.9644849482646455;-0.255331382864954;-0.040809435176423915
1661426200698;1.6876;-0.283;0.0713;0.0539375518149997;-0.9644849482646455;-0.255331382864954;-0.040809435176423915
1661426200722;1.6849;-0.2848;0.0833;0.0539375518149997;-0.9644849482646455;-0.255331382864954;-0.040809435176423915
1661426200746;1.6827;-0.2848;0.0928;0.05477920306693259;-0.9644375116285157;-0.2553668985879416;-0.04058660099989169
1661426200770;1.6808;-0.2825;0.0999;0.05711909318145096;-0.9641220396710624;-0.2562871679583947;-0.039025496210871785
1661426200794;1.6791;-0.277;0.1055;0.06201124064213028;-0.9634156492699488;-0.25813873910268953;-0.0367326033689479
1661426200827;1.6761;-0.2638;0.1123;0.07235728112609979;-0.9621385187858035;-0.26093569686613155;-0.031087885706253707
1661426200850;1.6724;-0.2488;0.118;0.08330327394239684;-0.9604907693094921;-0.26444321928190717;-0.024245213910365382
1661426200874;1.6669;-0.23;0.1248;0.0970978606575022;-0.9582392669060666;-0.2685803784343948;-0.014631921784146427
1661426200898;1.6591;-0.2086;0.1322;0.11366991774095633;-0.9549902316446351;-0.2739862262218557;-0.0020868887839559473
1661426200922;1.649;-0.1858;0.1398;0.13041526026578423;-0.9513770089880449;-0.27877653039782535;0.012541640965982204
1661426200955;1.6318;-0.1553;0.1494;0.15291902120613998;-0.9457631299101801;-0.2841326037837173;0.037636930307093114
1661426200978;1.6166;-0.1338;0.1561;0.16938079145048152;-0.9406528371022751;-0.28840309560023064;0.05749819116505595
1661426201002;1.6;-0.1143;0.1621;0.18366715891147778;-0.935656224937031;-0.29045102364451797;0.08032438196351976
1661426201026;1.5823;-0.0971;0.1675;0.19636913287741786;-0.9301674257121602;-0.29229495819334395;0.10388157301338544
1661426201050;1.5638;-0.0822;0.1725;0.20723262325278397;-0.9244923405606277;-0.2929001108097714;0.1287558821651486
1661426201082;1.5382;-0.0661;0.1787;0.21747092516141162;-0.9169758818821553;-0.2920438297860052;0.1630092949491107
1661426201106;1.5186;-0.0568;0.1831;0.22365309538200034;-0.9107621815343665;-0.2909377627462385;0.18933240562836784
1661426201130;1.4989;-0.0499;0.1876;0.22707968222803548;-0.9050624035218472;-0.28685670809888836;0.21681810964294618
1661426201146;1.4859;-0.0465;0.1906;0.2277552167720231;-0.9011459696717322;-0.2843162097595192;0.23500594768112448
1661426201171;1.4666;-0.0432;0.1953;0.22697808791497087;-0.8951172338836367;-0.2795612016431509;0.2628528480857832
1661426201202;1.4417;-0.0421;0.202;0.2222825577150231;-0.8876410674782488;-0.2709704708924716;0.29876211902792305
1661426201226;1.4238;-0.0436;0.2074;0.21677180300545934;-0.8819845400673719;-0.26212942180375964;0.32619230942610433
1661426201250;1.4068;-0.0468;0.2134;0.20731579695438804;-0.8764869114662639;-0.25346997622762885;0.3529076727880282
1661426201274;1.3907;-0.0517;0.2198;0.19683628956712534;-0.8714229293763806;-0.24265596227751762;0.37814763947128743
1661426201298;1.3758;-0.0581;0.2268;0.1825914098110577;-0.8662968146547161;-0.23136485781869415;0.40331192463010385
1661426201330;1.3578;-0.0686;0.2371;0.16159020301501956;-0.8599698599142828;-0.2135784529685869;0.4344245512814843
1661426201354;1.3457;-0.0779;0.2455;0.1426361538271114;-0.855501645057428;-0.19989176564023162;0.4558674642422663
1661426201379;1.3351;-0.0882;0.2545;0.12118584633620369;-0.85148594707349;-0.18492495531706954;0.4754875744802585
1661426201402;1.3259;-0.0992;0.2639;0.09915597916540658;-0.8477831232809775;-0.16940665710542374;0.49267966489806103
1661426201426;1.3185;-0.1104;0.2735;0.07512471039040769;-0.8443952016162054;-0.1542582967659102;0.507501132269836
1661426201458;1.3112;-0.1247;0.2858;0.04500604603380856;-0.8405550734376747;-0.13436923892642738;0.5228637795534522
1661426201482;1.307;-0.134;0.2942;0.025248275786340396;-0.838567816565348;-0.12098927436849358;0.530592251242352
1661426201506;1.3032;-0.1411;0.3017;0.007561211192720976;-0.836719503303397;-0.11079555789197094;0.5362533405289174
1661426201530;1.2988;-0.1452;0.3079;-0.006238210521284357;-0.8348316106428977;-0.10322674033570904;0.5407046390410774
1661426201554;1.293;-0.1459;0.3133;-0.01443775730619154;-0.8338859518635549;-0.09755771743573384;0.5430545665191573
1661426201586;1.2815;-0.1416;0.3197;-0.02165332170210392;-0.8322098000480861;-0.09407752748738976;0.5459921255705519
1661426201610;1.2692;-0.1346;0.3245;-0.023996901427683584;-0.8306027036531508;-0.0930230316628072;0.5485161920911785
1661426201635;1.2534;-0.1245;0.3296;-0.024216543621828845;-0.8291591167636174;-0.09286726885044463;0.5507126187759357
1661426201658;1.234;-0.1121;0.3353;-0.024604294061978282;-0.8270460120934768;-0.09376842615794358;0.5537120233928918
1661426201682;1.2109;-0.0976;0.3415;-0.02423250822864227;-0.8244195990536778;-0.09424416762770563;0.5575510264624062
1661426201714;1.1744;-0.0755;0.3506;-0.02429274122623168;-0.820638808851145;-0.09553307707521949;0.5628811946722233
1661426201738;1.1427;-0.0572;0.3575;-0.024010351887262;-0.8174511075206905;-0.09593464277126393;0.5674449172666863
1661426201762;1.1074;-0.0376;0.3643;-0.02427741898946216;-0.8136288477625768;-0.0970123213710677;0.5727192283466208
1661426201786;1.0692;-0.0174;0.3705;-0.023950945346273844;-0.8098083147659372;-0.09747051078032723;0.5780452794385528
1661426201810;1.0288;0.0029;0.3759;-0.024454635314840573;-0.8054096776073478;-0.09832433524293224;0.5839944752539031
1661426201842;0.9725;0.0294;0.3813;-0.024493041808528696;-0.7993860714617224;-0.0984774978337294;0.5921859353922277
1661426201866;0.9294;0.0483;0.3838;-0.024649104535669666;-0.7949716890117564;-0.0984536418950733;0.5980964100485654
1661426201890;0.886;0.0663;0.385;-0.0257153399948606;-0.7899805447235317;-0.09874599919096455;0.6045814154363652
1661426201914;0.8428;0.083;0.3847;-0.02627593554956051;-0.7850045833509386;-0.09832068480637231;0.6110731725973746
1661426201938;0.8;0.0986;0.3831;-0.026772378695079535;-0.780511326127111;-0.09793803964065352;0.6168415111822904
1661426201970;0.7451;0.1169;0.3789;-0.027412327078902732;-0.7739271599802194;-0.0962363645228899;0.625319020590681
1661426201995;0.7065;0.1289;0.3745;-0.028308381097563617;-0.7694532175668416;-0.09543793912970046;0.6308977582067838
1661426202018;0.6705;0.1392;0.3694;-0.02936742381379326;-0.7649953533210675;-0.09447049381787374;0.6363921665243244
1661426202042;0.6375;0.1481;0.3637;-0.03095986901380926;-0.7610157672056794;-0.09417688191495265;0.6411140331390166
1661426202066;0.6075;0.1557;0.3577;-0.03146235118035748;-0.7571664627906937;-0.09252133602135515;0.645870629819979
1661426202082;0.5891;0.1601;0.3536;-0.03210552569232758;-0.7549170457167536;-0.091916411799569;0.6485528988048702
1661426202114;0.5562;0.1675;0.3455;-0.03361923194567748;-0.7504993109230291;-0.09047467217442565;0.6537850298396037
1661426202138;0.5348;0.172;0.3397;-0.03456360301233877;-0.7477049809820185;-0.0895722091285909;0.6570536036833744
1661426202162;0.5162;0.1758;0.3342;-0.03525564190506336;-0.7454101638483066;-0.08891199506512643;0.6597085602590294
1661426202186;0.5003;0.1788;0.3293;-0.03550334493960844;-0.7432564764925947;-0.08746806003499466;0.6623131141111633
1661426202210;0.4871;0.1812;0.325;-0.036447371565680814;-0.7410866747670914;-0.08655254757532244;0.6648088342499895
1661426202242;0.4736;0.1836;0.3204;-0.03767180773488077;-0.7393301218951396;-0.08657554530049216;0.666690693437689
1661426202266;0.4666;0.1848;0.3179;-0.037537620893504625;-0.7382914636493483;-0.08549583334827435;0.6679873533235811
1661426202290;0.4616;0.1856;0.3161;-0.037706879487576006;-0.7376951294593121;-0.08533300070844968;0.6686571365067525
1661426202314;0.4584;0.1861;0.315;-0.03800050927655535;-0.7371832661559353;-0.08504570317349597;0.6692413778048362
1661426202338;0.4567;0.1864;0.3144;-0.03794125465102438;-0.7371421597595479;-0.08510495779902719;0.6692824842012235
1661426202370;0.456;0.1865;0.3141;-0.03788207185990283;-0.7371009500069903;-0.08516414059014868;0.6693236939537812
1661426202394;0.4559;0.1865;0.3141;-0.03788207185990283;-0.7371009500069903;-0.08516414059014868;0.6693236939537812
1661426202418;0.4559;0.1865;0.3141;-0.03788207185990283;-0.7371009500069903;-0.08516414059014868;0.6693236939537812
1661426202442;0.4559;0.1865;0.3141;-0.03788207185990283;-0.7371009500069903;-0.08516414059014868;0.6693236939537812
1661426202466;0.4559;0.1865;0.3141;-0.03788207185990283;-0.7371009500069903;-0.08516414059014868;0.6693236939537812
1661426202498;0.4559;0.1865;0.3141;-0.03788207185990283;-0.7371009500069903;-0.08516414059014868;0.6693236939537812
1661426202522;0.4559;0.1865;0.3141;-0.03788207185990283;-0.7371009500069903;-0.08516414059014868;0.6693236939537812
1661426202546;0.4559;0.1865;0.3141;-0.03788207185990283;-0.7371009500069903;-0.08516414059014868;0.6693236939537812
1661426202570;0.4559;0.1865;0.3141;-0.03788207185990283;-0.7371009500069903;-0.08516414059014868;0.6693236939537812
1661426202594;0.4559;0.1865;0.3141;-0.03788207185990283;-0.7371009500069903;-0.08516414059014868;0.6693236939537812
1661426202626;0.4559;0.1865;0.3141;-0.03788207185990283;-0.7371009500069903;-0.08516414059014868;0.6693236939537812
1661426202650;0.4559;0.1865;0.3141;-0.03788207185990283;-0.7371009500069903;-0.08516414059014868;0.6693236939537812
1661426202674;0.4559;0.1865;0.3141;-0.03788207185990283;-0.7371009500069903;-0.08516414059014868;0.6693236939537812
1661426202698;0.4559;0.1865;0.3141;-0.03788207185990283;-0.7371009500069903;-0.08516414059014868;0.6693236939537812
1661426202722;0.4559;0.1865;0.3141;-0.03788207185990283;-0.7371009500069903;-0.08516414059014868;0.6693236939537812
1661426202754;0.4559;0.1865;0.3141;-0.03788207185990283;-0.7371009500069903;-0.08516414059014868;0.6693236939537812
1661426202778;0.4559;0.1865;0.3141;-0.03788207185990283;-0.7371009500069903;-0.08516414059014868;0.6693236939537812
1661426202802;0.4559;0.1865;0.3141;-0.03788207185990283;-0.7371009500069903;-0.08516414059014868;0.6693236939537812
1661426202827;0.4559;0.1865;0.3141;-0.03788207185990283;-0.7371009500069903;-0.08516414059014868;0.6693236939537812
1661426202850;0.4559;0.1865;0.3141;-0.03788207185990283;-0.7371009500069903;-0.08516414059014868;0.6693236939537812
1661426202882;0.4559;0.1865;0.3141;-0.03788207185990283;-0.7371009500069903;-0.08516414059014868;0.6693236939537812
1661426202906;0.4559;0.1865;0.3141;-0.03788207185990283;-0.7371009500069903;-0.08516414059014868;0.6693236939537812
1661426202930;0.4559;0.1865;0.3141;-0.03788207185990283;-0.7371009500069903;-0.08516414059014868;0.6693236939537812
1661426202954;0.4559;0.1865;0.3141;-0.03788207185990283;-0.7371009500069903;-0.08516414059014868;0.6693236939537812
1661426202978;0.4559;0.1865;0.3141;-0.03788207185990283;-0.7371009500069903;-0.08516414059014868;0.6693236939537812
1661426203010;0.4559;0.1865;0.3141;-0.03788207185990283;-0.7371009500069903;-0.08516414059014868;0.6693236939537812
1661426203034;0.4559;0.1865;0.3141;-0.03788207185990283;-0.7371009500069903;-0.08516414059014868;0.6693236939537812
1661426203059;0.4559;0.1865;0.3141;-0.03788207185990283;-0.7371009500069903;-0.08516414059014868;0.6693236939537812
