1661425946353;0.4559;0.1866;0.3141;-0.03788207185990283;-0.7371009500069903;-0.08516414059014868;0.6693236939537812
1661425946367;0.4559;0.1866;0.3141;-0.03788207185990283;-0.7371009500069903;-0.08516414059014868;0.6693236939537812
1661425946383;0.4559;0.1866;0.3141;-0.03788207185990283;-0.7371009500069903;-0.08516414059014868;0.6693236939537812
1661425946399;0.4559;0.1866;0.3141;-0.03788207185990283;-0.7371009500069903;-0.08516414059014868;0.6693236939537812
1661425946415;0.4559;0.1866;0.3141;-0.03788207185990283;-0.7371009500069903;-0.08516414059014868;0.6693236939537812
1661425946431;0.4559;0.1866;0.3141;-0.03788207185990283;-0.7371009500069903;-0.08516414059014868;0.6693236939537812
1661425946456;0.4559;0.1866;0.3141;-0.03788207185990283;-0.7371009500069903;-0.08516414059014868;0.6693236939537812
1661425946479;0.4559;0.1866;0.3141;-0.03788207185990283;-0.7371009500069903;-0.08516414059014868;0.6693236939537812
1661425946504;0.4559;0.1866;0.3141;-0.03788207185990283;-0.7371009500069903;-0.08516414059014868;0.6693236939537812
1661425946519;0.4559;0.1866;0.3141;-0.03788207185990283;-0.7371009500069903;-0.08516414059014868;0.6693236939537812
1661425946536;0.4559;0.1866;0.3141;-0.03788207185990283;-0.7371009500069903;-0.08516414059014868;0.6693236939537812
1661425946562;0.4559;0.1866;0.3141;-0.03788207185990283;-0.7371009500069903;-0.08516414059014868;0.6693236939537812
1661425946575;0.4559;0.1866;0.3141;-0.03788207185990283;-0.7371009500069903;-0.08516414059014868;0.6693236939537812
1661425946607;0.4559;0.1866;0.3141;-0.03788207185990283;-0.7371009500069903;-0.08516414059014868;0.6693236939537812
1661425946623;0.4559;0.1866;0.3141;-0.03788207185990283;-0.7371009500069903;-0.08516414059014868;0.6693236939537812
1661425946639;0.4559;0.1866;0.3141;-0.03788207185990283;-0.7371009500069903;-0.08516414059014868;0.6693236939537812
1661425946663;0.4559;0.1866;0.3141;-0.03788207185990283;-0.7371009500069903;-0.08516414059014868;0.6693236939537812
1661425946679;0.4559;0.1866;0.3141;-0.03788207185990283;-0.7371009500069903;-0.08516414059014868;0.6693236939537812
1661425946706;0.4559;0.1866;0.3141;-0.03788207185990283;-0.7371009500069903;-0.08516414059014868;0.6693236939537812
1661425946719;0.4559;0.1866;0.3141;-0.03788207185990283;-0.7371009500069903;-0.08516414059014868;0.6693236939537812
1661425946744;0.4559;0.1866;0.3141;-0.03788207185990283;-0.7371009500069903;-0.08516414059014868;0.6693236939537812
1661425946768;0.4559;0.1866;0.3141;-0.03788207185990283;-0.7371009500069903;-0.08516414059014868;0.6693236939537812
1661425946785;0.4559;0.1866;0.3141;-0.03788207185990283;-0.7371009500069903;-0.08516414059014868;0.6693236939537812
1661425946799;0.4559;0.1865;0.3141;-0.03788207185990283;-0.7371009500069903;-0.08516414059014868;0.6693236939537812
1661425946815;0.4559;0.1865;0.3141;-0.03788207185990283;-0.7371009500069903;-0.08516414059014868;0.6693236939537812
1661425946831;0.4559;0.1865;0.3141;-0.03788207185990283;-0.7371009500069903;-0.08516414059014868;0.6693236939537812
1661425946848;0.4559;0.1865;0.3141;-0.03788207185990283;-0.7371009500069903;-0.08516414059014868;0.6693236939537812
1661425946879;0.4559;0.1865;0.3141;-0.03788207185990283;-0.7371009500069903;-0.08516414059014868;0.6693236939537812
1661425946903;0.4559;0.1865;0.3141;-0.03788207185990283;-0.7371009500069903;-0.08516414059014868;0.6693236939537812
1661425946920;0.4559;0.1865;0.3141;-0.03788207185990283;-0.7371009500069903;-0.08516414059014868;0.6693236939537812
1661425946936;0.4559;0.1865;0.3141;-0.03788207185990283;-0.7371009500069903;-0.08516414059014868;0.6693236939537812
1661425946952;0.4559;0.1865;0.3141;-0.03788207185990283;-0.7371009500069903;-0.08516414059014868;0.6693236939537812
1661425946975;0.4559;0.1865;0.3141;-0.03788207185990283;-0.7371009500069903;-0.08516414059014868;0.6693236939537812
1661425947007;0.4559;0.1865;0.3141;-0.03788207185990283;-0.7371009500069903;-0.08516414059014868;0.6693236939537812
1661425947023;0.4559;0.1865;0.3141;-0.03788207185990283;-0.7371009500069903;-0.08516414059014868;0.6693236939537812
1661425947039;0.4559;0.1865;0.3141;-0.03788207185990283;-0.7371009500069903;-0.08516414059014868;0.6693236939537812
1661425947063;0.4559;0.1865;0.3141;-0.03788207185990283;-0.7371009500069903;-0.08516414059014868;0.6693236939537812
1661425947079;0.4559;0.1865;0.3141;-0.03788207185990283;-0.7371009500069903;-0.08516414059014868;0.6693236939537812
1661425947096;0.4559;0.1865;0.3141;-0.03788207185990283;-0.7371009500069903;-0.08516414059014868;0.6693236939537812
1661425947120;0.4559;0.1865;0.3141;-0.03788207185990283;-0.7371009500069903;-0.08516414059014868;0.6693236939537812
1661425947136;0.4559;0.1865;0.3141;-0.03788207185990283;-0.7371009500069903;-0.08516414059014868;0.6693236939537812
1661425947151;0.4559;0.1865;0.3141;-0.03788207185990283;-0.7371009500069903;-0.08516414059014868;0.6693236939537812
1661425947167;0.4559;0.1865;0.3141;-0.03788207185990283;-0.7371009500069903;-0.08516414059014868;0.6693236939537812
1661425947184;0.4559;0.1865;0.3141;-0.03788207185990283;-0.7371009500069903;-0.08516414059014868;0.6693236939537812
1661425947199;0.4559;0.1865;0.3141;-0.03788207185990283;-0.7371009500069903;-0.08516414059014868;0.6693236939537812
1661425947215;0.4559;0.1865;0.3141;-0.03788207185990283;-0.7371009500069903;-0.08516414059014868;0.6693236939537812
1661425947247;0.4559;0.1865;0.3141;-0.03788207185990283;-0.7371009500069903;-0.08516414059014868;0.6693236939537812
1661425947263;0.4559;0.1865;0.3141;-0.03788207185990283;-0.7371009500069903;-0.08516414059014868;0.6693236939537812
1661425947287;0.4559;0.1865;0.3141;-0.03788207185990283;-0.7371009500069903;-0.08516414059014868;0.6693236939537812
1661425947303;0.4559;0.1865;0.3141;-0.03788207185990283;-0.7371009500069903;-0.08516414059014868;0.6693236939537812
1661425947321;0.4559;0.1865;0.3141;-0.03788207185990283;-0.7371009500069903;-0.08516414059014868;0.6693236939537812
1661425947336;0.4559;0.1865;0.3141;-0.03788207185990283;-0.7371009500069903;-0.08516414059014868;0.6693236939537812
1661425947359;0.4559;0.1865;0.3141;-0.03788207185990283;-0.7371009500069903;-0.08516414059014868;0.6693236939537812
1661425947384;0.4559;0.1865;0.3141;-0.03788207185990283;-0.7371009500069903;-0.08516414059014868;0.6693236939537812
1661425947399;0.4559;0.1865;0.3141;-0.03788207185990283;-0.7371009500069903;-0.08516414059014868;0.6693236939537812
1661425947415;0.4559;0.1865;0.3141;-0.03788207185990283;-0.7371009500069903;-0.08516414059014868;0.6693236939537812
1661425947431;0.4559;0.1865;0.3141;-0.03788207185990283;-0.7371009500069903;-0.08516414059014868;0.6693236939537812
1661425947456;0.4559;0.1865;0.3141;-0.03788207185990283;-0.7371009500069903;-0.08516414059014868;0.6693236939537812
1661425947471;0.4559;0.1865;0.3141;-0.03788207185990283;-0.7371009500069903;-0.08516414059014868;0.6693236939537812
1661425947504;0.4559;0.1865;0.3141;-0.03788207185990283;-0.7371009500069903;-0.08516414059014868;0.6693236939537812
1661425947519;0.4559;0.1865;0.3141;-0.03788207185990283;-0.7371009500069903;-0.08516414059014868;0.6693236939537812
1661425947535;0.4559;0.1865;0.3141;-0.03788207185990283;-0.7371009500069903;-0.08516414059014868;0.6693236939537812
1661425947551;0.4559;0.1865;0.3141;-0.03788207185990283;-0.7371009500069903;-0.08516414059014868;0.6693236939537812
1661425947567;0.4559;0.1865;0.3141;-0.03788207185990283;-0.7371009500069903;-0.08516414059014868;0.6693236939537812
1661425947584;0.4559;0.1865;0.3141;-0.03788207185990283;-0.7371009500069903;-0.08516414059014868;0.6693236939537812
1661425947599;0.4559;0.1865;0.3141;-0.03788207185990283;-0.7371009500069903;-0.08516414059014868;0.6693236939537812
1661425947615;0.4559;0.1865;0.3141;-0.03788207185990283;-0.7371009500069903;-0.08516414059014868;0.6693236939537812
1661425947639;0.4559;0.1865;0.3141;-0.03788207185990283;-0.7371009500069903;-0.08516414059014868;0.6693236939537812
1661425947655;0.4559;0.1865;0.3141;-0.03788207185990283;-0.7371009500069903;-0.08516414059014868;0.6693236939537812
1661425947671;0.4559;0.1865;0.3141;-0.03788207185990283;-0.7371009500069903;-0.08516414059014868;0.6693236939537812
1661425947688;0.4559;0.1865;0.3141;-0.03788207185990283;-0.7371009500069903;-0.08516414059014868;0.6693236939537812
1661425947704;0.4559;0.1865;0.3141;-0.03788207185990283;-0.7371009500069903;-0.08516414059014868;0.6693236939537812
1661425947719;0.4559;0.1865;0.3141;-0.03788207185990283;-0.7371009500069903;-0.08516414059014868;0.6693236939537812
1661425947735;0.4559;0.1865;0.3141;-0.03788207185990283;-0.7371009500069903;-0.08516414059014868;0.6693236939537812
1661425947759;0.4559;0.1865;0.3141;-0.03788207185990283;-0.7371009500069903;-0.08516414059014868;0.6693236939537812
1661425947775;0.4559;0.1865;0.3141;-0.03788207185990283;-0.7371009500069903;-0.08516414059014868;0.6693236939537812
1661425947792;0.4559;0.1865;0.3141;-0.03788207185990283;-0.7371009500069903;-0.08516414059014868;0.6693236939537812
1661425947808;0.4559;0.1865;0.3141;-0.03788207185990283;-0.7371009500069903;-0.08516414059014868;0.6693236939537812
1661425947823;0.4559;0.1865;0.3141;-0.03788207185990283;-0.7371009500069903;-0.08516414059014868;0.6693236939537812
1661425947839;0.4559;0.1865;0.3141;-0.03788207185990283;-0.7371009500069903;-0.08516414059014868;0.6693236939537812
1661425947855;0.4559;0.1865;0.3141;-0.03788207185990283;-0.7371009500069903;-0.08516414059014868;0.6693236939537812
1661425947871;0.4559;0.1865;0.3141;-0.03788207185990283;-0.7371009500069903;-0.08516414059014868;0.6693236939537812
1661425947895;0.4559;0.1865;0.3141;-0.03788207185990283;-0.7371009500069903;-0.08516414059014868;0.6693236939537812
1661425947911;0.4559;0.1865;0.3141;-0.03788207185990283;-0.7371009500069903;-0.08516414059014868;0.6693236939537812
1661425947928;0.4559;0.1865;0.3141;-0.03788207185990283;-0.7371009500069903;-0.08516414059014868;0.6693236939537812
1661425947951;0.4559;0.1865;0.3141;-0.03788207185990283;-0.7371009500069903;-0.08516414059014868;0.6693236939537812
1661425947967;0.4559;0.1865;0.3141;-0.03788207185990283;-0.7371009500069903;-0.08516414059014868;0.6693236939537812
1661425947983;0.4559;0.1865;0.3141;-0.03788207185990283;-0.7371009500069903;-0.08516414059014868;0.6693236939537812
1661425947999;0.4559;0.1865;0.3141;-0.03788207185990283;-0.7371009500069903;-0.08516414059014868;0.6693236939537812
1661425948024;0.4559;0.1865;0.3141;-0.03788207185990283;-0.7371009500069903;-0.08516414059014868;0.6693236939537812
1661425948039;0.4559;0.1865;0.3141;-0.03788207185990283;-0.7371009500069903;-0.08516414059014868;0.6693236939537812
1661425948056;0.4559;0.1865;0.3141;-0.03788207185990283;-0.7371009500069903;-0.08516414059014868;0.6693236939537812
1661425948079;0.4559;0.1865;0.3141;-0.03788207185990283;-0.7371009500069903;-0.08516414059014868;0.6693236939537812
1661425948095;0.4559;0.1865;0.3141;-0.03788207185990283;-0.7371009500069903;-0.08516414059014868;0.6693236939537812
1661425948119;0.4559;0.1865;0.3141;-0.03788207185990283;-0.7371009500069903;-0.08516414059014868;0.6693236939537812
1661425948144;0.4559;0.1865;0.3141;-0.03788207185990283;-0.7371009500069903;-0.08516414059014868;0.6693236939537812
1661425948159;0.4559;0.1865;0.3141;-0.03788207185990283;-0.7371009500069903;-0.08516414059014868;0.6693236939537812
1661425948175;0.4559;0.1865;0.3141;-0.03788207185990283;-0.7371009500069903;-0.08516414059014868;0.6693236939537812
1661425948200;0.4559;0.1865;0.3141;-0.03788207185990283;-0.7371009500069903;-0.08516414059014868;0.6693236939537812
1661425948224;0.4559;0.1865;0.3141;-0.03788207185990283;-0.7371009500069903;-0.08516414059014868;0.6693236939537812
1661425948239;0.4559;0.1865;0.3141;-0.03788207185990283;-0.7371009500069903;-0.08516414059014868;0.6693236939537812
1661425948255;0.4559;0.1865;0.3141;-0.03788207185990283;-0.7371009500069903;-0.08516414059014868;0.6693236939537812
1661425948279;0.4559;0.1865;0.3141;-0.03788207185990283;-0.7371009500069903;-0.08516414059014868;0.6693236939537812
1661425948303;0.4559;0.1865;0.3141;-0.03788207185990283;-0.7371009500069903;-0.08516414059014868;0.6693236939537812
1661425948327;0.4559;0.1865;0.3141;-0.03788207185990283;-0.7371009500069903;-0.08516414059014868;0.6693236939537812
1661425948344;0.4559;0.1865;0.3141;-0.03788207185990283;-0.7371009500069903;-0.08516414059014868;0.6693236939537812
1661425948359;0.4559;0.1865;0.3141;-0.03788207185990283;-0.7371009500069903;-0.08516414059014868;0.6693236939537812
1661425948376;0.4559;0.1865;0.3141;-0.03788207185990283;-0.7371009500069903;-0.08516414059014868;0.6693236939537812
1661425948399;0.4559;0.1865;0.3141;-0.03788207185990283;-0.7371009500069903;-0.08516414059014868;0.6693236939537812
1661425948415;0.4559;0.1865;0.3141;-0.03788207185990283;-0.7371009500069903;-0.08516414059014868;0.6693236939537812
1661425948439;0.4559;0.1865;0.3141;-0.03788207185990283;-0.7371009500069903;-0.08516414059014868;0.6693236939537812
1661425948455;0.4559;0.1865;0.3141;-0.03788207185990283;-0.7371009500069903;-0.08516414059014868;0.6693236939537812
1661425948471;0.4559;0.1865;0.3141;-0.03788207185990283;-0.7371009500069903;-0.08516414059014868;0.6693236939537812
1661425948487;0.4559;0.1865;0.3141;-0.03788207185990283;-0.7371009500069903;-0.08516414059014868;0.6693236939537812
1661425948504;0.4559;0.1865;0.3141;-0.03788207185990283;-0.7371009500069903;-0.08516414059014868;0.6693236939537812
1661425948528;0.4559;0.1865;0.3141;-0.03788207185990283;-0.7371009500069903;-0.08516414059014868;0.6693236939537812
1661425948544;0.4559;0.1865;0.3141;-0.03788207185990283;-0.7371009500069903;-0.08516414059014868;0.6693236939537812
1661425948560;0.4559;0.1865;0.3141;-0.03788207185990283;-0.7371009500069903;-0.08516414059014868;0.6693236939537812
1661425948575;0.4559;0.1865;0.3141;-0.03788207185990283;-0.7371009500069903;-0.08516414059014868;0.6693236939537812
1661425948591;0.4559;0.1865;0.3141;-0.03788207185990283;-0.7371009500069903;-0.08516414059014868;0.6693236939537812
1661425948607;0.4559;0.1865;0.3141;-0.03788207185990283;-0.7371009500069903;-0.08516414059014868;0.6693236939537812
1661425948623;0.4559;0.1865;0.3141;-0.03788207185990283;-0.7371009500069903;-0.08516414059014868;0.6693236939537812
1661425948639;0.4559;0.1865;0.3141;-0.03788207185990283;-0.7371009500069903;-0.08516414059014868;0.6693236939537812
1661425948663;0.4559;0.1865;0.3141;-0.03788207185990283;-0.7371009500069903;-0.08516414059014868;0.6693236939537812
1661425948679;0.4559;0.1865;0.3141;-0.03788207185990283;-0.7371009500069903;-0.08516414059014868;0.6693236939537812
1661425948703;0.4559;0.1865;0.3141;-0.03788207185990283;-0.7371009500069903;-0.08516414059014868;0.6693236939537812
1661425948719;0.4559;0.1865;0.3141;-0.03788207185990283;-0.7371009500069903;-0.08516414059014868;0.6693236939537812
1661425948743;0.4559;0.1865;0.3141;-0.03788207185990283;-0.7371009500069903;-0.08516414059014868;0.6693236939537812
1661425948759;0.4559;0.1865;0.3141;-0.03788207185990283;-0.7371009500069903;-0.08516414059014868;0.6693236939537812
1661425948783;0.4559;0.1865;0.3141;-0.03788207185990283;-0.7371009500069903;-0.08516414059014868;0.6693236939537812
1661425948807;0.4559;0.1865;0.3141;-0.03788207185990283;-0.7371009500069903;-0.08516414059014868;0.6693236939537812
1661425948824;0.4559;0.1865;0.3141;-0.03788207185990283;-0.7371009500069903;-0.08516414059014868;0.6693236939537812
1661425948847;0.4559;0.1865;0.3141;-0.03788207185990283;-0.7371009500069903;-0.08516414059014868;0.6693236939537812
1661425948863;0.4559;0.1865;0.3141;-0.03788207185990283;-0.7371009500069903;-0.08516414059014868;0.6693236939537812
1661425948879;0.4559;0.1865;0.3141;-0.03788207185990283;-0.7371009500069903;-0.08516414059014868;0.6693236939537812
1661425948911;0.4562;0.1865;0.3142;-0.03788207185990283;-0.7371009500069903;-0.08516414059014868;0.6693236939537812
1661425948928;0.4567;0.1864;0.3143;-0.03794125465102438;-0.7371421597595479;-0.08510495779902719;0.6692824842012235
1661425948952;0.4583;0.1862;0.3149;-0.03800050927655535;-0.7371832661559353;-0.08504570317349597;0.6692413778048362
1661425948967;0.4601;0.1859;0.3156;-0.037706879487576006;-0.7376951294593121;-0.08533300070844968;0.6686571365067525
1661425948983;0.4627;0.1854;0.3165;-0.037767162740644566;-0.7377366384940495;-0.08527271745538106;0.668615627472015
1661425949010;0.4683;0.1845;0.3185;-0.037249544061544265;-0.7388054273447883;-0.08577739053066041;0.6673988696925119
1661425949023;0.4734;0.1836;0.3203;-0.03702660622809828;-0.7393627152289497;-0.08599371502416966;0.6667659909869774
1661425949047;0.4834;0.1819;0.3238;-0.036314394518644405;-0.7409989925599636;-0.08668552462235854;0.6648965164571173
1661425949063;0.4917;0.1804;0.3265;-0.035901099000907516;-0.742125126765214;-0.0870847503750086;0.6636095641010341
1661425949087;0.5066;0.1776;0.3313;-0.035959417601397925;-0.7437929585156474;-0.08823109514209809;0.6615846347961345
1661425949103;0.5182;0.1754;0.3349;-0.03533047148657631;-0.7454569225604103;-0.0888371654836135;0.6596618015469258
1661425949119;0.5313;0.1728;0.3387;-0.03415668232848945;-0.7472073073497325;-0.08876121762678638;0.6577507180846581
1661425949136;0.5457;0.1698;0.3427;-0.033921757777754524;-0.7493398707564409;-0.09018919310465431;0.6551373763502731
1661425949167;0.5791;0.1624;0.3512;-0.03244505081317048;-0.7537961185698009;-0.09159544516416479;0.649883839414408
1661425949183;0.598;0.158;0.3556;-0.03177794551802213;-0.7560405261117585;-0.09222505569610559;0.6472151297344332
1661425949208;0.6294;0.1502;0.3621;-0.03067480330836886;-0.7599641265406512;-0.09325894666215238;0.6425078611820745
1661425949223;0.6524;0.1442;0.3664;-0.029957578521066758;-0.762773848678857;-0.09392387469831033;0.639106333110895
1661425949241;0.677;0.1374;0.3704;-0.02903028454352441;-0.766079400879515;-0.09478529941318589;0.6350553843111308
1661425949263;0.7171;0.1257;0.3759;-0.02867990546075394;-0.7705161206166496;-0.09626432690477991;0.6294565515253621
1661425949295;0.7758;0.1069;0.3815;-0.027201497837494287;-0.7777207470148606;-0.09757695798440041;0.6203944353784571
1661425949311;0.8069;0.0962;0.3834;-0.026665221408379167;-0.7810572314293786;-0.09803130447108312;0.6161399439598231
1661425949327;0.8386;0.0847;0.3846;-0.02597258804764474;-0.7848783119731245;-0.09862403230828846;0.6111994439751885
1661425949344;0.8709;0.0726;0.3851;-0.024771430145298395;-0.7881740186076468;-0.09851837480790361;0.6070108915543766
1661425949368;0.9197;0.0532;0.3843;-0.023168955794563198;-0.7938361913784743;-0.09994989474895198;0.5994141467172606
1661425949384;0.9525;0.0396;0.3827;-0.02212692549743303;-0.7968240286987903;-0.10089389439578114;0.5953169647590375
1661425949399;0.9852;0.0255;0.3803;-0.02069714771244867;-0.8001978605853325;-0.1022050405924482;0.590600661757775
1661425949423;1.034;0.0037;0.3752;-0.017275930323894087;-0.8052712948396819;-0.10421875797936792;0.5834193469742875
1661425949439;1.0661;-0.0112;0.3709;-0.014117922075258374;-0.808727673564772;-0.10601839082213113;0.5783773293398301
1661425949455;1.0979;-0.0264;0.3657;-0.011438780892439826;-0.8114884244872025;-0.1085645690130758;0.5740813753902645
1661425949472;1.1295;-0.0418;0.3598;-0.007524935450872489;-0.814542109968791;-0.11111337691623496;0.5693139238630311
1661425949487;1.1609;-0.0575;0.3531;-0.003314875626797442;-0.8176372029207715;-0.11514118948956041;0.5640930087161204
1661425949503;1.1922;-0.0734;0.3457;0.0012663608702248308;-0.8204763251555917;-0.11953287180775857;0.5590428326583861
1661425949519;1.2233;-0.0896;0.3375;0.006954337735921329;-0.8230259451672829;-0.12382210065225795;0.5542995743803322
1661425949535;1.2541;-0.1059;0.3286;0.01261594843024863;-0.8256631573915454;-0.12925876185802912;0.5490112574932858
1661425949568;1.3144;-0.1387;0.3091;0.026362705119971408;-0.830652102706808;-0.14128512460597686;0.5379224903390725
1661425949584;1.3435;-0.1549;0.2987;0.0332007057582665;-0.8327053668386569;-0.14784686855880882;0.5325793730821775
1661425949599;1.3717;-0.1709;0.2881;0.041305806304820836;-0.8347598634377442;-0.1544503287169775;0.5268917314953091
1661425949623;1.4122;-0.1938;0.2719;0.0529201934550905;-0.8371410473206089;-0.1655762208880694;0.5186316950322796
1661425949640;1.4377;-0.2084;0.2612;0.06090676748629509;-0.8388516615863992;-0.17319269895272715;0.5124671155865295
1661425949656;1.4618;-0.222;0.2508;0.06946016270304661;-0.8398438688986546;-0.18021607153504599;0.5073063465314436
1661425949687;1.5052;-0.2461;0.2316;0.08540285653393609;-0.8416515807001306;-0.19538911061007894;0.49613714258843555
1661425949703;1.5244;-0.2565;0.223;0.09384457071596239;-0.8421001113204905;-0.202279409635783;0.4910637835338232
1661425949719;1.542;-0.2657;0.2152;0.10097343670543343;-0.8423585076149027;-0.20904589042026184;0.48635000300923986
1661425949736;1.5579;-0.2738;0.2082;0.10822258605421406;-0.84233055746021;-0.21480102567875808;0.48231485899136833
1661425949762;1.579;-0.2843;0.199;0.11823979260836093;-0.8425254651440016;-0.22315093283176457;0.4757876135463478
1661425949791;1.6021;-0.2951;0.1893;0.12989139279335848;-0.8420388007292685;-0.23305745519399634;0.4688103099582122
1661425949815;1.6158;-0.3013;0.1829;0.1367861548460468;-0.8417836261363664;-0.23845186730130757;0.4645757006039633
1661425949831;1.6233;-0.3044;0.1781;0.14064065491092845;-0.8414839920254963;-0.24208882183528432;0.4620799711018254
1661425949856;1.6325;-0.3075;0.1686;0.14567521376134374;-0.8411515030057487;-0.2457313356464193;0.4591938498806182
1661425949871;1.6374;-0.3085;0.16;0.14762105116234614;-0.8409386049855624;-0.24756698708028618;0.4579747534598928
1661425949887;1.6415;-0.3085;0.1491;0.14957175415299354;-0.8407090606910281;-0.24940681908554369;0.4567634007067952
1661425949903;1.6448;-0.3077;0.1358;0.15076298295417975;-0.8406635336129058;-0.25052375370583757;0.455843388734944
1661425949919;1.6475;-0.3061;0.1205;0.1511296386278406;-0.8402432687175382;-0.25198410334121113;0.4556918842446189
1661425949943;1.6506;-0.3026;0.0951;0.15189478754076877;-0.8400392890109442;-0.252711491811983;0.45541065901238437
1661425949965;1.652;-0.3;0.0781;0.1526605680678697;-0.8398326493941373;-0.25343943512062156;0.4551311071488736
1661425949975;1.6531;-0.2974;0.0621;0.1522633331720495;-0.8396111620077983;-0.25417223076990636;0.45526415530843367
1661425949991;1.6538;-0.295;0.0481;0.1522633331720495;-0.8396111620077983;-0.25417223076990636;0.45526415530843367
1661425950016;1.6545;-0.2922;0.032;0.1518659823210774;-0.8393890352210353;-0.2549048328559806;0.455396856764535
1661425950032;1.6548;-0.2909;0.0246;0.1518659823210774;-0.8393890352210353;-0.2549048328559806;0.455396856764535
1661425950064;1.6551;-0.2895;0.0166;0.1516246169261387;-0.8402446630381705;-0.25462470326786013;0.45405411821018327
1661425950079;1.6552;-0.2893;0.0148;0.15094935113527294;-0.8409525240179264;-0.25394943747699494;0.4533462572304273
1661425950095;1.6552;-0.2893;0.0139;0.1503911318552764;-0.8420870772904083;-0.25444205120301944;0.4511442167415946
1661425950103;1.6552;-0.2893;0.0135;0.15086860572856745;-0.8428106910850742;-0.25375192897484633;0.4500208454502551
1661425950119;1.6552;-0.2893;0.0127;0.1496009083004698;-0.8446512896547252;-0.2535333088392227;0.4471069541276663
1661425950144;1.6553;-0.2894;0.011;0.1481485455142374;-0.8483496371587653;-0.25300690458143943;0.4408428380145528
1661425950171;1.6553;-0.2896;0.0087;0.14627022121849256;-0.8528976013539461;-0.2520067903170491;0.4332012022414957
1661425950200;1.6553;-0.2898;0.0046;0.14281273853126614;-0.8612780789261315;-0.2502808950310962;0.4185260637725518
1661425950223;1.6554;-0.2901;0.0009;0.13923257392134955;-0.8687743411299292;-0.24844373086235053;0.4051186827939307
1661425950247;1.6554;-0.2903;-0.0033;0.1351091445415145;-0.8771735187457609;-0.24699662173480408;0.38897918443540735
1661425950271;1.6555;-0.2906;-0.0078;0.13151525683851428;-0.8855476847648477;-0.24487421923501224;0.3722172107524867
1661425950295;1.6555;-0.2909;-0.0124;0.12733520171201945;-0.8937786823056529;-0.2431542856669467;0.35471313314103153
1661425950327;1.6556;-0.2913;-0.0183;0.12186630762741103;-0.9037629487848344;-0.24087370681913173;0.33217614729569744
1661425950354;1.6557;-0.2915;-0.0222;0.11856999745823002;-0.9100105910882869;-0.23891822584316938;0.31739559097418873
1661425950384;1.6557;-0.2918;-0.0265;0.114678620709086;-0.9165584950742846;-0.23725960300763593;0.3007943148400303
1661425950407;1.6558;-0.292;-0.0292;0.11299903892356647;-0.9203371587851108;-0.23601214584470415;0.290704314339292
1661425950431;1.6561;-0.2922;-0.0319;0.11224864755701221;-0.9235111983893644;-0.23468659114876278;0.28186789726046335
1661425950463;1.6567;-0.2924;-0.0354;0.11252441931363386;-0.9260370116088487;-0.2343796470269029;0.27360535310594175
1661425950487;1.6575;-0.2925;-0.0382;0.11437136132733658;-0.9277407254693038;-0.23368208911866756;0.2675986159137541
1661425950503;1.658;-0.2926;-0.0402;0.11570859402055308;-0.9284979623516366;-0.23371896065913483;0.2643454228978815
1661425950527;1.6591;-0.2928;-0.0435;0.11862578523149711;-0.9296127850168451;-0.23313470230468228;0.2596077880047952
1661425950551;1.6603;-0.2929;-0.0472;0.12152482410125354;-0.930699334770289;-0.2325490180552928;0.2548556838424842
1661425950583;1.6622;-0.2932;-0.0528;0.12711294693913655;-0.9320300406833412;-0.23236723965188164;0.24732118372841133
1661425950615;1.6639;-0.2935;-0.058;0.13234511018330183;-0.9332441895567694;-0.23096873895003595;0.24123328148688064
1661425950639;1.665;-0.2936;-0.0612;0.13497025060903378;-0.9340092250829325;-0.23120723513272434;0.23654389303635728
1661425950663;1.6661;-0.2934;-0.0638;0.13778693382140117;-0.9349479007396194;-0.2306306126298177;0.23172549339395265
1661425950687;1.6673;-0.2929;-0.0658;0.14058443242040958;-0.9358582968946811;-0.23005331991515537;0.2268936656022667
1661425950719;1.6694;-0.2914;-0.0675;0.14277869528370668;-0.9382025791308052;-0.22863011526424373;0.21706781216856252
1661425950744;1.6713;-0.2896;-0.0681;0.14387097850137676;-0.9403999242546839;-0.22814002752570697;0.20712617373816108
1661425950768;1.6735;-0.2872;-0.0681;0.1454676249210613;-0.9430056342560098;-0.22611959378952032;0.19608537213598665
1661425950791;1.6762;-0.2842;-0.0681;0.1468299179622608;-0.9458745753320366;-0.2247347063572669;0.18236385247671283
1661425950815;1.6794;-0.2807;-0.068;0.14818412147149324;-0.9493165947621283;-0.22224175460983558;0.16567459539983959
1661425950847;1.6842;-0.2753;-0.0679;0.15104654750146687;-0.9537514061939039;-0.21890647714965955;0.14008265393318287
1661425950863;1.6867;-0.2725;-0.0678;0.15252908724813713;-0.9559097303049898;-0.21682569566001333;0.1263253052758756
1661425950887;1.6904;-0.2684;-0.0677;0.15537869745787797;-0.9586291886508292;-0.21309812447029988;0.10712949355890225
1661425950918;1.6943;-0.2642;-0.0676;0.15827512261069598;-0.9610596884940996;-0.2094933491399297;0.08617306644380775
1661425950943;1.6975;-0.2607;-0.0675;0.160623074924075;-0.9628280673664378;-0.2057014545733781;0.0696365714243741
1661425950975;1.7012;-0.2576;-0.0675;0.16239228910811063;-0.9645659429654733;-0.20065344507771757;0.054584623180878374
1661425950999;1.7041;-0.2559;-0.0674;0.1627889094475241;-0.965892929964161;-0.1963180798084096;0.04483113144315114
1661425951023;1.7072;-0.2547;-0.0673;0.16174340232101153;-0.9675157579538236;-0.19068772408206439;0.03728970100529172
1661425951047;1.7105;-0.254;-0.0673;0.16108963554664446;-0.9688218141184376;-0.1855431254911179;0.03175169902061893
1661425951071;1.7138;-0.2537;-0.0672;0.15907953022248444;-0.9704613484253237;-0.17913194704060847;0.02846436063108743
1661425951104;1.7179;-0.2536;-0.0672;0.1562253301895817;-0.9724871542050667;-0.17102119657381687;0.024781675402336688
1661425951136;1.7211;-0.2535;-0.0671;0.15413007072364765;-0.9740125189123309;-0.16455606352319355;0.021560061654133694
1661425951159;1.7228;-0.2535;-0.0671;0.153493278793721;-0.9746891731048962;-0.1613059492821131;0.020030474868136427
1661425951183;1.724;-0.2534;-0.0671;0.1519802051264958;-0.9753484585533969;-0.1589186893426644;0.01850004931967662
1661425951215;1.7249;-0.2533;-0.0671;0.14986401768299518;-0.975937733307749;-0.15764908217432008;0.015267082224127997
1661425951239;1.7256;-0.2531;-0.0671;0.14773539920291534;-0.9765142668847657;-0.1563623758696585;0.012039344054373107
1661425951263;1.7265;-0.2528;-0.0672;0.14487349045076303;-0.9771728777842005;-0.15518877589488414;0.007828315515125332
1661425951288;1.7277;-0.2525;-0.0672;0.1412734944705519;-0.9780331234562241;-0.1532537086908038;0.0025119623912940384
1661425951311;1.7291;-0.2521;-0.0673;0.13691167003288665;-0.9790715802295193;-0.15052855604107807;-0.0038973339433355375
1661425951343;1.7314;-0.2515;-0.0675;0.13053313902666722;-0.9803125944893335;-0.1473815796598928;-0.015066077073714646
1661425951367;1.7333;-0.251;-0.0676;0.12455346082793939;-0.9814584291503217;-0.14378357812719997;-0.02349616791107239
1661425951391;1.735;-0.2505;-0.0677;0.11938122858561832;-0.9822820239409742;-0.14095393931247527;-0.0316565111170909
1661425951415;1.7366;-0.2501;-0.0677;0.11493011950173805;-0.9828627856275901;-0.13882922217125665;-0.038707354998941394
1661425951439;1.7379;-0.2498;-0.0678;0.11122854391324564;-0.9832305212417803;-0.13744510461101758;-0.04466314292593504
1661425951471;1.7393;-0.2494;-0.0679;0.10670877655585774;-0.9837009382961891;-0.13518459013876089;-0.051680050214414325
1661425951495;1.7406;-0.2491;-0.0679;0.10435797195703006;-0.9840064188302833;-0.1335595805668563;-0.05479616618543963
1661425951519;1.7428;-0.2488;-0.0679;0.10194237016027301;-0.9842527616646296;-0.132703995869877;-0.056955278963615956
1661425951544;1.746;-0.2484;-0.0679;0.10022437062905647;-0.9844291854726543;-0.13260438808622135;-0.05718680426404713
1661425951567;1.7504;-0.2478;-0.0678;0.09845592150198247;-0.9847178674971648;-0.13164509815285447;-0.05750409624849986
1661425951599;1.7582;-0.2469;-0.0677;0.094809510341165;-0.9851935082662369;-0.13130814353365297;-0.05624126119388279
1661425951623;1.7655;-0.246;-0.0676;0.09121660622203859;-0.9856999294166123;-0.13018603231231937;-0.055917590150103016
1661425951655;1.7758;-0.2448;-0.0675;0.08665852738034584;-0.9863331756455991;-0.1289575084950056;-0.05483727980031418
1661425951679;1.7821;-0.244;-0.0674;0.08386844796764222;-0.9866847231096122;-0.1286948987543624;-0.05345057204755685
1661425951703;1.7862;-0.2436;-0.0671;0.08131926224186402;-0.9866237504258856;-0.1310807538613289;-0.05271231972835854
1661425951736;1.7873;-0.2435;-0.0666;0.07740656819449876;-0.9857297329183222;-0.14026478346682178;-0.051680821976135286
1661425951760;1.7844;-0.2439;-0.066;0.07365651157595163;-0.9842020368490609;-0.15288473279804388;-0.05047105548620846
1661425951784;1.7785;-0.2447;-0.0651;0.07014432051485418;-0.9816121618549933;-0.1706350002819941;-0.04900035384198561
1661425951808;1.7706;-0.2458;-0.0641;0.06676851622486521;-0.9780179781938532;-0.1917605944550045;-0.04744126879628287
1661425951831;1.7626;-0.2469;-0.0632;0.06313831801267314;-0.974192585672583;-0.21192991494036764;-0.045255607083163576
1661425951863;1.754;-0.2481;-0.0621;0.05871252455787437;-0.969367178686285;-0.23453367320133617;-0.04329051259250618
1661425951887;1.7496;-0.2487;-0.0616;0.0570927601619234;-0.9668581876099328;-0.24538737232417743;-0.041360600727803926
1661425951911;1.747;-0.249;-0.0613;0.055479578009199976;-0.9652749852615096;-0.2520343168238507;-0.04055764287343068
1661425951935;1.7459;-0.2492;-0.0611;0.05474376372207293;-0.9646599940287195;-0.25452517095788074;-0.04063438941234995
1661425951959;1.7457;-0.2492;-0.0611;0.05477920306693259;-0.9644375116285157;-0.2553668985879416;-0.04058660099989169
1661425951997;1.7457;-0.2492;-0.0611;0.05477920306693259;-0.9644375116285157;-0.2553668985879416;-0.04058660099989169
1661425952025;1.7459;-0.2492;-0.0611;0.05477920306693259;-0.9644375116285157;-0.2553668985879416;-0.04058660099989169
1661425952048;1.7469;-0.2491;-0.061;0.05477920306693259;-0.9644375116285157;-0.2553668985879416;-0.04058660099989169
1661425952071;1.7496;-0.2488;-0.0609;0.05477920306693259;-0.9644375116285157;-0.2553668985879416;-0.04058660099989169
1661425952095;1.7541;-0.2483;-0.0606;0.05477920306693259;-0.9644375116285157;-0.2553668985879416;-0.04058660099989169
1661425952133;1.7631;-0.2472;-0.0601;0.05477920306693259;-0.9644375116285157;-0.2553668985879416;-0.04058660099989169
1661425952152;1.7721;-0.2462;-0.0595;0.05477920306693259;-0.9644375116285157;-0.2553668985879416;-0.04058660099989169
1661425952176;1.7827;-0.245;-0.0589;0.05477920306693259;-0.9644375116285157;-0.2553668985879416;-0.04058660099989169
1661425952199;1.7937;-0.2438;-0.0583;0.0539375518149997;-0.9644849482646455;-0.255331382864954;-0.040809435176423915
1661425952239;1.8091;-0.242;-0.0574;0.0539375518149997;-0.9644849482646455;-0.255331382864954;-0.040809435176423915
1661425952263;1.8154;-0.2413;-0.057;0.0539375518149997;-0.9644849482646455;-0.255331382864954;-0.040809435176423915
1661425952287;1.8185;-0.2411;-0.0567;0.0539375518149997;-0.9644849482646455;-0.255331382864954;-0.040809435176423915
1661425952311;1.8176;-0.2415;-0.0565;0.0539375518149997;-0.9644849482646455;-0.255331382864954;-0.040809435176423915
1661425952335;1.8124;-0.2426;-0.0564;0.0539375518149997;-0.9644849482646455;-0.255331382864954;-0.040809435176423915
1661425952367;1.8;-0.245;-0.0564;0.0539375518149997;-0.9644849482646455;-0.255331382864954;-0.040809435176423915
1661425952399;1.783;-0.2484;-0.0564;0.0539375518149997;-0.9644849482646455;-0.255331382864954;-0.040809435176423915
1661425952423;1.7684;-0.2512;-0.0562;0.0539375518149997;-0.9644849482646455;-0.255331382864954;-0.040809435176423915
1661425952447;1.7539;-0.2542;-0.0551;0.0539375518149997;-0.9644849482646455;-0.255331382864954;-0.040809435176423915
1661425952471;1.7408;-0.2571;-0.0522;0.0539375518149997;-0.9644849482646455;-0.255331382864954;-0.040809435176423915
1661425952503;1.7265;-0.2608;-0.0444;0.0539375518149997;-0.9644849482646455;-0.255331382864954;-0.040809435176423915
1661425952528;1.7179;-0.2637;-0.035;0.0539375518149997;-0.9644849482646455;-0.255331382864954;-0.040809435176423915
1661425952552;1.7112;-0.2666;-0.0226;0.0539375518149997;-0.9644849482646455;-0.255331382864954;-0.040809435176423915
1661425952575;1.7059;-0.2695;-0.0072;0.0539375518149997;-0.9644849482646455;-0.255331382864954;-0.040809435176423915
1661425952599;1.7014;-0.2727;0.0106;0.0539375518149997;-0.9644849482646455;-0.255331382864954;-0.040809435176423915
1661425952631;1.6957;-0.277;0.0358;0.0539375518149997;-0.9644849482646455;-0.255331382864954;-0.040809435176423915
1661425952655;1.6917;-0.28;0.0536;0.0539375518149997;-0.9644849482646455;-0.255331382864954;-0.040809435176423915
1661425952687;1.6872;-0.2834;0.0735;0.0539375518149997;-0.9644849482646455;-0.255331382864954;-0.040809435176423915
1661425952712;1.6845;-0.285;0.085;0.0539375518149997;-0.9644849482646455;-0.255331382864954;-0.040809435176423915
1661425952735;1.6824;-0.285;0.094;0.05477920306693259;-0.9644375116285157;-0.2553668985879416;-0.04058660099989169
1661425952767;1.6801;-0.2812;0.1025;0.05883535910454339;-0.9637968007683758;-0.2571960591172661;-0.03852680264738994
1661425952791;1.6784;-0.2744;0.1075;0.06431248487823765;-0.9633048700626571;-0.2582005938236182;-0.03521483993269265
1661425952815;1.676;-0.2638;0.1123;0.07235728112609979;-0.9621385187858035;-0.26093569686613155;-0.031087885706253707
1661425952839;1.6724;-0.2488;0.118;0.08330327394239684;-0.9604907693094921;-0.26444321928190717;-0.024245213910365382
1661425952863;1.6669;-0.23;0.1248;0.0970978606575022;-0.9582392669060666;-0.2685803784343948;-0.014631921784146427
1661425952895;1.656;-0.2011;0.1347;0.1187991105926023;-0.9539604327327926;-0.27539241776745593;0.002297898793361914
1661425952919;1.6451;-0.1781;0.1423;0.13607121629587368;-0.9501633797440474;-0.2799078537402045;0.01804908041100999
1661425952943;1.6318;-0.1553;0.1494;0.15291902120613998;-0.9457631299101801;-0.2841326037837173;0.037636930307093114
1661425952968;1.6166;-0.1338;0.1561;0.16938079145048152;-0.9406528371022751;-0.28840309560023064;0.05749819116505595
1661425952991;1.6;-0.1143;0.1621;0.18366715891147778;-0.935656224937031;-0.29045102364451797;0.08032438196351976
1661425953023;1.5762;-0.0919;0.1692;0.19986740063136876;-0.9283709467384268;-0.29270269795669357;0.11182816293639823
1661425953048;1.5575;-0.0778;0.1741;0.20976047753913685;-0.9227518804969441;-0.2931191811122229;0.13642087364478572
1661425953071;1.5382;-0.0661;0.1787;0.21747092516141162;-0.9169758818821553;-0.2920438297860052;0.1630092949491107
1661425953097;1.5186;-0.0568;0.1831;0.22365309538200034;-0.9107621815343665;-0.2909377627462385;0.18933240562836784
1661425953119;1.4989;-0.0499;0.1876;0.22707968222803548;-0.9050624035218472;-0.28685670809888836;0.21681810964294618
1661425953151;1.473;-0.0441;0.1937;0.22704711350759788;-0.8972349785095627;-0.28131607339764464;0.2535355368285547
1661425953175;1.454;-0.0422;0.1986;0.22531290175022695;-0.8913958295683688;-0.2754611422809897;0.28065767480377973
1661425953199;1.4357;-0.0424;0.2038;0.22101883326574137;-0.8856807904527754;-0.2679233529638377;0.3081189538172103
1661425953223;1.418;-0.0445;0.2094;0.21379507375001683;-0.8802424044128998;-0.25941480707673237;0.33491630862495114
1661425953247;1.4013;-0.0483;0.2155;0.20449193237856728;-0.874785307251516;-0.24981650093050473;0.361283035405469
1661425953280;1.3806;-0.0558;0.2244;0.1878976593219554;-0.8677955032982587;-0.2353165451463474;0.39528667781376
1661425953304;1.3665;-0.0631;0.2318;0.17229393671468168;-0.863183384788054;-0.2226750011234777;0.4191003310328622
1661425953327;1.3536;-0.0716;0.2398;0.15511592778953492;-0.8583941220961281;-0.20960904000984174;0.4417721476541519
1661425953352;1.342;-0.0813;0.2484;0.1355239133059542;-0.8540981352683626;-0.19531497037897763;0.46260318481308027
1661425953375;1.3318;-0.0918;0.2576;0.11395600049133106;-0.8503200137520852;-0.18023938406185058;0.48112749723714443
1661425953407;1.3208;-0.1067;0.2703;0.08347265405244028;-0.8453812078465958;-0.1588652991471897;0.5031150426812404
1661425953431;1.3145;-0.1177;0.2797;0.06048912783321553;-0.842397527381874;-0.14356286546666358;0.5158460767844246
1661425953447;1.3112;-0.1247;0.2858;0.04500604603380856;-0.8405550734376747;-0.13436923892642738;0.5228637795534522
1661425953471;1.307;-0.134;0.2942;0.025248275786340396;-0.838567816565348;-0.12098927436849358;0.530592251242352
1661425953495;1.3032;-0.1411;0.3017;0.007561211192720976;-0.836719503303397;-0.11079555789197094;0.5362533405289174
1661425953528;1.2971;-0.1458;0.3098;-0.008934688024038961;-0.8346939397186232;-0.10057297644239871;0.5413790490556807
1661425953551;1.2906;-0.1454;0.3149;-0.01750528446517105;-0.8333136176112141;-0.09693677493008968;0.5439533448611727
1661425953575;1.2815;-0.1416;0.3197;-0.02165332170210392;-0.8322098000480861;-0.09407752748738976;0.5459921255705519
1661425953599;1.2692;-0.1346;0.3245;-0.023996901427683584;-0.8306027036531508;-0.0930230316628072;0.5485161920911785
1661425953623;1.2534;-0.1245;0.3296;-0.024216543621828845;-0.8291591167636174;-0.09286726885044463;0.5507126187759357
1661425953655;1.2267;-0.1075;0.3373;-0.024449182796854346;-0.8259969897547932;-0.09396539022694839;0.5552492375646123
1661425953679;1.2024;-0.0924;0.3437;-0.023932842075909552;-0.8238313622539691;-0.09456435429528622;0.5583786247105583
1661425953705;1.1744;-0.0755;0.3506;-0.02429274122623168;-0.820638808851145;-0.09553307707521949;0.5628811946722233
1661425953727;1.1427;-0.0572;0.3575;-0.024010351887262;-0.8174511075206905;-0.09593464277126393;0.5674449172666863
1661425953752;1.1074;-0.0376;0.3643;-0.02427741898946216;-0.8136288477625768;-0.0970123213710677;0.5727192283466208
1661425953783;1.0564;-0.0109;0.3723;-0.023736826045096623;-0.8086674893015844;-0.09772143116129227;0.579606743169682
1661425953808;1.0158;0.0092;0.3773;-0.0237736401481196;-0.8043495105696783;-0.0978281204441515;0.5855649731078452
1661425953831;0.9739;0.0288;0.3812;-0.024461479992077304;-0.7999289598420886;-0.09849211225460876;0.5914512651319439
1661425953855;0.9311;0.0476;0.3838;-0.024649104535669666;-0.7949716890117564;-0.0984536418950733;0.5980964100485654
1661425953879;0.8881;0.0654;0.385;-0.024956666988669773;-0.790548104645315;-0.09827228637636978;0.6039481904475561
1661425953912;0.831;0.0874;0.3844;-0.026309634585740108;-0.7838496467682579;-0.09831600479906052;0.6125532610227402
1661425953936;0.7889;0.1024;0.3824;-0.027106129042690996;-0.7788736836241928;-0.09764539678544552;0.6189397541058536
1661425953960;0.7483;0.1159;0.3792;-0.027824243784110914;-0.7743878637438129;-0.0970327211158184;0.6246069956196427
1661425953984;0.7099;0.1279;0.375;-0.028706891570704524;-0.7699132706402293;-0.09624942704869578;0.6301948253208769
1661425954008;0.674;0.1383;0.3699;-0.02919785883771414;-0.7655372852721107;-0.09462893910622161;0.6357244008067732
1661425954039;0.6306;0.1499;0.3624;-0.03133798535435395;-0.7599370683554213;-0.09381960496299316;0.6424262327597513
1661425954063;0.6015;0.1572;0.3564;-0.03157063665859136;-0.7565766626895882;-0.09242275476250925;0.6465702458175487
1661425954087;0.5752;0.1633;0.3503;-0.03323177209915057;-0.7531822485635961;-0.09204284612296612;0.6504923245123031
1661425954112;0.5518;0.1685;0.3443;-0.033768488072689784;-0.7499190724751147;-0.09033398668328269;0.6544622562082956
1661425954137;0.5311;0.1728;0.3386;-0.03473066503413258;-0.747129564069346;-0.0894132451316706;0.6577206603071395
1661425954167;0.5078;0.1774;0.3317;-0.0356980403500724;-0.744315943003459;-0.0884849417044622;0.6609764307428776
1661425954192;0.4934;0.1801;0.3271;-0.035969655698818326;-0.7421697331115156;-0.0870161936770979;0.6635649577547323
1661425954216;0.4816;0.1822;0.3232;-0.03723842363374208;-0.7404492530053588;-0.08699528694180475;0.6654171801050776
1661425954240;0.4725;0.1838;0.32;-0.03702660622809828;-0.7393627152289497;-0.08599371502416966;0.6667659909869774
1661425954263;0.4657;0.1849;0.3176;-0.037537620893504625;-0.7382914636493483;-0.08549583334827435;0.6679873533235811
1661425954296;0.4599;0.1859;0.3155;-0.03706310476732058;-0.7377277540215553;-0.08474945486016547;0.6687313489827008
1661425954320;0.4575;0.1863;0.3147;-0.03794125465102438;-0.7371421597595479;-0.08510495779902719;0.6692824842012235
1661425954343;0.4563;0.1865;0.3142;-0.03729796239856051;-0.7371749890632348;-0.08452086631883263;0.6693564974341023
1661425954368;0.4559;0.1865;0.3141;-0.03788207185990283;-0.7371009500069903;-0.08516414059014868;0.6693236939537812
1661425954392;0.4559;0.1865;0.3141;-0.03788207185990283;-0.7371009500069903;-0.08516414059014868;0.6693236939537812
1661425954423;0.4559;0.1865;0.3141;-0.03788207185990283;-0.7371009500069903;-0.08516414059014868;0.6693236939537812
1661425954447;0.4559;0.1865;0.3141;-0.03788207185990283;-0.7371009500069903;-0.08516414059014868;0.6693236939537812
1661425954471;0.4559;0.1865;0.3141;-0.03788207185990283;-0.7371009500069903;-0.08516414059014868;0.6693236939537812
1661425954495;0.4559;0.1865;0.3141;-0.03788207185990283;-0.7371009500069903;-0.08516414059014868;0.6693236939537812
1661425954519;0.4559;0.1865;0.3141;-0.03788207185990283;-0.7371009500069903;-0.08516414059014868;0.6693236939537812
1661425954552;0.4559;0.1865;0.3141;-0.03788207185990283;-0.7371009500069903;-0.08516414059014868;0.6693236939537812
1661425954575;0.4559;0.1865;0.3141;-0.03788207185990283;-0.7371009500069903;-0.08516414059014868;0.6693236939537812
1661425954599;0.4559;0.1865;0.3141;-0.03788207185990283;-0.7371009500069903;-0.08516414059014868;0.6693236939537812
1661425954623;0.4559;0.1865;0.3141;-0.03788207185990283;-0.7371009500069903;-0.08516414059014868;0.6693236939537812
1661425954648;0.4559;0.1865;0.3141;-0.03788207185990283;-0.7371009500069903;-0.08516414059014868;0.6693236939537812
1661425954679;0.4559;0.1865;0.3141;-0.03788207185990283;-0.7371009500069903;-0.08516414059014868;0.6693236939537812
1661425954703;0.4559;0.1865;0.3141;-0.03788207185990283;-0.7371009500069903;-0.08516414059014868;0.6693236939537812
1661425954727;0.4559;0.1865;0.3141;-0.03788207185990283;-0.7371009500069903;-0.08516414059014868;0.6693236939537812
1661425954751;0.4559;0.1865;0.3141;-0.03788207185990283;-0.7371009500069903;-0.08516414059014868;0.6693236939537812
1661425954775;0.4559;0.1865;0.3141;-0.03788207185990283;-0.7371009500069903;-0.08516414059014868;0.6693236939537812
1661425954807;0.4559;0.1865;0.3141;-0.03788207185990283;-0.7371009500069903;-0.08516414059014868;0.6693236939537812
1661425954831;0.4559;0.1865;0.3141;-0.03788207185990283;-0.7371009500069903;-0.08516414059014868;0.6693236939537812
1661425954855;0.4559;0.1865;0.3141;-0.03788207185990283;-0.7371009500069903;-0.08516414059014868;0.6693236939537812
1661425954871;0.4559;0.1865;0.3141;-0.03788207185990283;-0.7371009500069903;-0.08516414059014868;0.6693236939537812
1661425954895;0.4559;0.1865;0.3141;-0.03788207185990283;-0.7371009500069903;-0.08516414059014868;0.6693236939537812
1661425954929;0.4559;0.1865;0.3141;-0.03788207185990283;-0.7371009500069903;-0.08516414059014868;0.6693236939537812
