1661425850606;0.4558;0.1866;0.314;-0.03823764917688785;-0.7366313667221647;-0.08481480182214582;0.6698645841797664
1661425850622;0.4558;0.1866;0.314;-0.03823764917688785;-0.7366313667221647;-0.08481480182214582;0.6698645841797664
1661425850638;0.4558;0.1866;0.314;-0.03823764917688785;-0.7366313667221647;-0.08481480182214582;0.6698645841797664
1661425850654;0.4558;0.1866;0.314;-0.03823764917688785;-0.7366313667221647;-0.08481480182214582;0.6698645841797664
1661425850670;0.4558;0.1866;0.314;-0.03823764917688785;-0.7366313667221647;-0.08481480182214582;0.6698645841797664
1661425850686;0.4558;0.1866;0.314;-0.03823764917688785;-0.7366313667221647;-0.08481480182214582;0.6698645841797664
1661425850702;0.4558;0.1866;0.314;-0.03823764917688785;-0.7366313667221647;-0.08481480182214582;0.6698645841797664
1661425850720;0.4558;0.1866;0.314;-0.03823764917688785;-0.7366313667221647;-0.08481480182214582;0.6698645841797664
1661425850742;0.4558;0.1866;0.314;-0.03823764917688785;-0.7366313667221647;-0.08481480182214582;0.6698645841797664
1661425850766;0.4558;0.1866;0.314;-0.03823764917688785;-0.7366313667221647;-0.08481480182214582;0.6698645841797664
1661425850782;0.4558;0.1866;0.314;-0.03823764917688785;-0.7366313667221647;-0.08481480182214582;0.6698645841797664
1661425850798;0.4558;0.1866;0.314;-0.03823764917688785;-0.7366313667221647;-0.08481480182214582;0.6698645841797664
1661425850814;0.4558;0.1866;0.314;-0.03823764917688785;-0.7366313667221647;-0.08481480182214582;0.6698645841797664
1661425850830;0.4558;0.1866;0.314;-0.03823764917688785;-0.7366313667221647;-0.08481480182214582;0.6698645841797664
1661425850846;0.4558;0.1866;0.314;-0.03823764917688785;-0.7366313667221647;-0.08481480182214582;0.6698645841797664
1661425850879;0.4558;0.1866;0.314;-0.03823764917688785;-0.7366313667221647;-0.08481480182214582;0.6698645841797664
1661425850895;0.4558;0.1866;0.314;-0.03823764917688785;-0.7366313667221647;-0.08481480182214582;0.6698645841797664
1661425850910;0.4558;0.1866;0.314;-0.03823764917688785;-0.7366313667221647;-0.08481480182214582;0.6698645841797664
1661425850926;0.4558;0.1866;0.314;-0.03788207185990283;-0.7371009500069903;-0.08516414059014868;0.6693236939537812
1661425850942;0.4558;0.1866;0.314;-0.03788207185990283;-0.7371009500069903;-0.08516414059014868;0.6693236939537812
1661425850966;0.4558;0.1866;0.314;-0.03788207185990283;-0.7371009500069903;-0.08516414059014868;0.6693236939537812
1661425850991;0.4558;0.1866;0.314;-0.03788207185990283;-0.7371009500069903;-0.08516414059014868;0.6693236939537812
1661425851006;0.4559;0.1866;0.314;-0.03788207185990283;-0.7371009500069903;-0.08516414059014868;0.6693236939537812
1661425851022;0.4559;0.1866;0.314;-0.03788207185990283;-0.7371009500069903;-0.08516414059014868;0.6693236939537812
1661425851038;0.4559;0.1865;0.3141;-0.03788207185990283;-0.7371009500069903;-0.08516414059014868;0.6693236939537812
1661425851054;0.4559;0.1865;0.3141;-0.03788207185990283;-0.7371009500069903;-0.08516414059014868;0.6693236939537812
1661425851070;0.4559;0.1865;0.3141;-0.03788207185990283;-0.7371009500069903;-0.08516414059014868;0.6693236939537812
1661425851086;0.4559;0.1865;0.3141;-0.03788207185990283;-0.7371009500069903;-0.08516414059014868;0.6693236939537812
1661425851102;0.4559;0.1865;0.3141;-0.03788207185990283;-0.7371009500069903;-0.08516414059014868;0.6693236939537812
1661425851126;0.4559;0.1865;0.3141;-0.03788207185990283;-0.7371009500069903;-0.08516414059014868;0.6693236939537812
1661425851142;0.4559;0.1865;0.3141;-0.03788207185990283;-0.7371009500069903;-0.08516414059014868;0.6693236939537812
1661425851166;0.4559;0.1865;0.3141;-0.03788207185990283;-0.7371009500069903;-0.08516414059014868;0.6693236939537812
1661425851190;0.4559;0.1865;0.3141;-0.03788207185990283;-0.7371009500069903;-0.08516414059014868;0.6693236939537812
1661425851206;0.4559;0.1865;0.3141;-0.03788207185990283;-0.7371009500069903;-0.08516414059014868;0.6693236939537812
1661425851230;0.4559;0.1865;0.3141;-0.03788207185990283;-0.7371009500069903;-0.08516414059014868;0.6693236939537812
1661425851255;0.4559;0.1865;0.3141;-0.03788207185990283;-0.7371009500069903;-0.08516414059014868;0.6693236939537812
1661425851271;0.4559;0.1865;0.3141;-0.03788207185990283;-0.7371009500069903;-0.08516414059014868;0.6693236939537812
1661425851295;0.4559;0.1865;0.3141;-0.03788207185990283;-0.7371009500069903;-0.08516414059014868;0.6693236939537812
1661425851312;0.4559;0.1865;0.3141;-0.03788207185990283;-0.7371009500069903;-0.08516414059014868;0.6693236939537812
1661425851326;0.4559;0.1865;0.3141;-0.03788207185990283;-0.7371009500069903;-0.08516414059014868;0.6693236939537812
1661425851343;0.4559;0.1865;0.3141;-0.03788207185990283;-0.7371009500069903;-0.08516414059014868;0.6693236939537812
1661425851374;0.4559;0.1865;0.3141;-0.03788207185990283;-0.7371009500069903;-0.08516414059014868;0.6693236939537812
1661425851398;0.4559;0.1865;0.3141;-0.03788207185990283;-0.7371009500069903;-0.08516414059014868;0.6693236939537812
1661425851414;0.4559;0.1865;0.3141;-0.03788207185990283;-0.7371009500069903;-0.08516414059014868;0.6693236939537812
1661425851430;0.4559;0.1865;0.3141;-0.03788207185990283;-0.7371009500069903;-0.08516414059014868;0.6693236939537812
1661425851446;0.4559;0.1865;0.3141;-0.03788207185990283;-0.7371009500069903;-0.08516414059014868;0.6693236939537812
1661425851462;0.4559;0.1865;0.3141;-0.03788207185990283;-0.7371009500069903;-0.08516414059014868;0.6693236939537812
1661425851478;0.4559;0.1865;0.3141;-0.03788207185990283;-0.7371009500069903;-0.08516414059014868;0.6693236939537812
1661425851511;0.4559;0.1865;0.3141;-0.03788207185990283;-0.7371009500069903;-0.08516414059014868;0.6693236939537812
1661425851526;0.4559;0.1865;0.3141;-0.03788207185990283;-0.7371009500069903;-0.08516414059014868;0.6693236939537812
1661425851542;0.4559;0.1865;0.3141;-0.03788207185990283;-0.7371009500069903;-0.08516414059014868;0.6693236939537812
1661425851558;0.4559;0.1865;0.3141;-0.03788207185990283;-0.7371009500069903;-0.08516414059014868;0.6693236939537812
1661425851574;0.4559;0.1865;0.3141;-0.03788207185990283;-0.7371009500069903;-0.08516414059014868;0.6693236939537812
1661425851590;0.4559;0.1865;0.3141;-0.03788207185990283;-0.7371009500069903;-0.08516414059014868;0.6693236939537812
1661425851606;0.4559;0.1865;0.3141;-0.03788207185990283;-0.7371009500069903;-0.08516414059014868;0.6693236939537812
1661425851630;0.4559;0.1865;0.3141;-0.03788207185990283;-0.7371009500069903;-0.08516414059014868;0.6693236939537812
1661425851646;0.4559;0.1865;0.3141;-0.03788207185990283;-0.7371009500069903;-0.08516414059014868;0.6693236939537812
1661425851662;0.4559;0.1865;0.3141;-0.03788207185990283;-0.7371009500069903;-0.08516414059014868;0.6693236939537812
1661425851678;0.4559;0.1865;0.3141;-0.03788207185990283;-0.7371009500069903;-0.08516414059014868;0.6693236939537812
1661425851694;0.4559;0.1865;0.3141;-0.03788207185990283;-0.7371009500069903;-0.08516414059014868;0.6693236939537812
1661425851718;0.4559;0.1865;0.3141;-0.03788207185990283;-0.7371009500069903;-0.08516414059014868;0.6693236939537812
1661425851734;0.4559;0.1865;0.3141;-0.03788207185990283;-0.7371009500069903;-0.08516414059014868;0.6693236939537812
1661425851766;0.4559;0.1865;0.3141;-0.03788207185990283;-0.7371009500069903;-0.08516414059014868;0.6693236939537812
1661425851782;0.4559;0.1865;0.3141;-0.03788207185990283;-0.7371009500069903;-0.08516414059014868;0.6693236939537812
1661425851798;0.4559;0.1865;0.3141;-0.03788207185990283;-0.7371009500069903;-0.08516414059014868;0.6693236939537812
1661425851822;0.4559;0.1865;0.3141;-0.03788207185990283;-0.7371009500069903;-0.08516414059014868;0.6693236939537812
1661425851838;0.4559;0.1865;0.3141;-0.03788207185990283;-0.7371009500069903;-0.08516414059014868;0.6693236939537812
1661425851854;0.4559;0.1865;0.3141;-0.03788207185990283;-0.7371009500069903;-0.08516414059014868;0.6693236939537812
1661425851886;0.4559;0.1865;0.3141;-0.03788207185990283;-0.7371009500069903;-0.08516414059014868;0.6693236939537812
1661425851903;0.4559;0.1865;0.3141;-0.03788207185990283;-0.7371009500069903;-0.08516414059014868;0.6693236939537812
1661425851918;0.4559;0.1865;0.3141;-0.03788207185990283;-0.7371009500069903;-0.08516414059014868;0.6693236939537812
1661425851934;0.4559;0.1865;0.3141;-0.03788207185990283;-0.7371009500069903;-0.08516414059014868;0.6693236939537812
1661425851950;0.4559;0.1865;0.3141;-0.03788207185990283;-0.7371009500069903;-0.08516414059014868;0.6693236939537812
1661425851966;0.4559;0.1865;0.3141;-0.03788207185990283;-0.7371009500069903;-0.08516414059014868;0.6693236939537812
1661425851982;0.4559;0.1865;0.3141;-0.03788207185990283;-0.7371009500069903;-0.08516414059014868;0.6693236939537812
1661425851998;0.4559;0.1865;0.3141;-0.03788207185990283;-0.7371009500069903;-0.08516414059014868;0.6693236939537812
1661425852030;0.4559;0.1865;0.3141;-0.03788207185990283;-0.7371009500069903;-0.08516414059014868;0.6693236939537812
1661425852046;0.4559;0.1865;0.3141;-0.03788207185990283;-0.7371009500069903;-0.08516414059014868;0.6693236939537812
1661425852062;0.4559;0.1865;0.3141;-0.03788207185990283;-0.7371009500069903;-0.08516414059014868;0.6693236939537812
1661425852078;0.4559;0.1865;0.3141;-0.03788207185990283;-0.7371009500069903;-0.08516414059014868;0.6693236939537812
1661425852094;0.4559;0.1865;0.3141;-0.03788207185990283;-0.7371009500069903;-0.08516414059014868;0.6693236939537812
1661425852119;0.4559;0.1865;0.3141;-0.03788207185990283;-0.7371009500069903;-0.08516414059014868;0.6693236939537812
1661425852142;0.4559;0.1865;0.3141;-0.03788207185990283;-0.7371009500069903;-0.08516414059014868;0.6693236939537812
1661425852158;0.4559;0.1865;0.3141;-0.03788207185990283;-0.7371009500069903;-0.08516414059014868;0.6693236939537812
1661425852174;0.4559;0.1865;0.3141;-0.03788207185990283;-0.7371009500069903;-0.08516414059014868;0.6693236939537812
1661425852190;0.4559;0.1865;0.3141;-0.03788207185990283;-0.7371009500069903;-0.08516414059014868;0.6693236939537812
1661425852206;0.4559;0.1865;0.3141;-0.03788207185990283;-0.7371009500069903;-0.08516414059014868;0.6693236939537812
1661425852222;0.4559;0.1865;0.3141;-0.03788207185990283;-0.7371009500069903;-0.08516414059014868;0.6693236939537812
1661425852238;0.4559;0.1865;0.3141;-0.03788207185990283;-0.7371009500069903;-0.08516414059014868;0.6693236939537812
1661425852254;0.4559;0.1865;0.3141;-0.03788207185990283;-0.7371009500069903;-0.08516414059014868;0.6693236939537812
1661425852278;0.4559;0.1865;0.3141;-0.03788207185990283;-0.7371009500069903;-0.08516414059014868;0.6693236939537812
1661425852294;0.4559;0.1865;0.3141;-0.03788207185990283;-0.7371009500069903;-0.08516414059014868;0.6693236939537812
1661425852320;0.4559;0.1865;0.3141;-0.03788207185990283;-0.7371009500069903;-0.08516414059014868;0.6693236939537812
1661425852350;0.4559;0.1865;0.3141;-0.03788207185990283;-0.7371009500069903;-0.08516414059014868;0.6693236939537812
1661425852366;0.4559;0.1865;0.3141;-0.03788207185990283;-0.7371009500069903;-0.08516414059014868;0.6693236939537812
1661425852382;0.4559;0.1865;0.3141;-0.03788207185990283;-0.7371009500069903;-0.08516414059014868;0.6693236939537812
1661425852406;0.4559;0.1865;0.3141;-0.03788207185990283;-0.7371009500069903;-0.08516414059014868;0.6693236939537812
1661425852422;0.4559;0.1865;0.3141;-0.03788207185990283;-0.7371009500069903;-0.08516414059014868;0.6693236939537812
1661425852438;0.4559;0.1865;0.3141;-0.03788207185990283;-0.7371009500069903;-0.08516414059014868;0.6693236939537812
1661425852454;0.4559;0.1865;0.3141;-0.03788207185990283;-0.7371009500069903;-0.08516414059014868;0.6693236939537812
1661425852478;0.4559;0.1865;0.3141;-0.03788207185990283;-0.7371009500069903;-0.08516414059014868;0.6693236939537812
1661425852494;0.4559;0.1865;0.3141;-0.03788207185990283;-0.7371009500069903;-0.08516414059014868;0.6693236939537812
1661425852526;0.4559;0.1865;0.3141;-0.03788207185990283;-0.7371009500069903;-0.08516414059014868;0.6693236939537812
1661425852542;0.4559;0.1865;0.3141;-0.03788207185990283;-0.7371009500069903;-0.08516414059014868;0.6693236939537812
1661425852558;0.4559;0.1865;0.3141;-0.03788207185990283;-0.7371009500069903;-0.08516414059014868;0.6693236939537812
1661425852574;0.4559;0.1865;0.3141;-0.03788207185990283;-0.7371009500069903;-0.08516414059014868;0.6693236939537812
1661425852598;0.4559;0.1865;0.3141;-0.03788207185990283;-0.7371009500069903;-0.08516414059014868;0.6693236939537812
1661425852622;0.4559;0.1865;0.3141;-0.03788207185990283;-0.7371009500069903;-0.08516414059014868;0.6693236939537812
1661425852654;0.4559;0.1865;0.3141;-0.03788207185990283;-0.7371009500069903;-0.08516414059014868;0.6693236939537812
1661425852670;0.4559;0.1865;0.3141;-0.03788207185990283;-0.7371009500069903;-0.08516414059014868;0.6693236939537812
1661425852686;0.4559;0.1865;0.3141;-0.03788207185990283;-0.7371009500069903;-0.08516414059014868;0.6693236939537812
1661425852702;0.4559;0.1865;0.3141;-0.03788207185990283;-0.7371009500069903;-0.08516414059014868;0.6693236939537812
1661425852719;0.4559;0.1865;0.3141;-0.03788207185990283;-0.7371009500069903;-0.08516414059014868;0.6693236939537812
1661425852734;0.4559;0.1865;0.3141;-0.03788207185990283;-0.7371009500069903;-0.08516414059014868;0.6693236939537812
1661425852750;0.4559;0.1865;0.3141;-0.03788207185990283;-0.7371009500069903;-0.08516414059014868;0.6693236939537812
1661425852766;0.4559;0.1865;0.3141;-0.03788207185990283;-0.7371009500069903;-0.08516414059014868;0.6693236939537812
1661425852790;0.4559;0.1865;0.3141;-0.03788207185990283;-0.7371009500069903;-0.08516414059014868;0.6693236939537812
1661425852806;0.4559;0.1865;0.3141;-0.03788207185990283;-0.7371009500069903;-0.08516414059014868;0.6693236939537812
1661425852822;0.4559;0.1865;0.3141;-0.03788207185990283;-0.7371009500069903;-0.08516414059014868;0.6693236939537812
1661425852838;0.4559;0.1865;0.3141;-0.03788207185990283;-0.7371009500069903;-0.08516414059014868;0.6693236939537812
1661425852854;0.4559;0.1865;0.3141;-0.03788207185990283;-0.7371009500069903;-0.08516414059014868;0.6693236939537812
1661425852870;0.4559;0.1865;0.3141;-0.03788207185990283;-0.7371009500069903;-0.08516414059014868;0.6693236939537812
1661425852886;0.4559;0.1865;0.3141;-0.03788207185990283;-0.7371009500069903;-0.08516414059014868;0.6693236939537812
1661425852910;0.4559;0.1865;0.3141;-0.03788207185990283;-0.7371009500069903;-0.08516414059014868;0.6693236939537812
1661425852926;0.4559;0.1865;0.3141;-0.03788207185990283;-0.7371009500069903;-0.08516414059014868;0.6693236939537812
1661425852942;0.4559;0.1865;0.3141;-0.03788207185990283;-0.7371009500069903;-0.08516414059014868;0.6693236939537812
1661425852958;0.4559;0.1865;0.3141;-0.03788207185990283;-0.7371009500069903;-0.08516414059014868;0.6693236939537812
1661425852982;0.4559;0.1865;0.3141;-0.03788207185990283;-0.7371009500069903;-0.08516414059014868;0.6693236939537812
1661425852998;0.4559;0.1865;0.3141;-0.03788207185990283;-0.7371009500069903;-0.08516414059014868;0.6693236939537812
1661425853022;0.4559;0.1865;0.3141;-0.03788207185990283;-0.7371009500069903;-0.08516414059014868;0.6693236939537812
1661425853046;0.4559;0.1865;0.3141;-0.03788207185990283;-0.7371009500069903;-0.08516414059014868;0.6693236939537812
1661425853062;0.4559;0.1865;0.3141;-0.03788207185990283;-0.7371009500069903;-0.08516414059014868;0.6693236939537812
1661425853078;0.4559;0.1865;0.3141;-0.03788207185990283;-0.7371009500069903;-0.08516414059014868;0.6693236939537812
1661425853096;0.4559;0.1865;0.3141;-0.03788207185990283;-0.7371009500069903;-0.08516414059014868;0.6693236939537812
1661425853118;0.4559;0.1865;0.3141;-0.03788207185990283;-0.7371009500069903;-0.08516414059014868;0.6693236939537812
1661425853134;0.4562;0.1865;0.3142;-0.03788207185990283;-0.7371009500069903;-0.08516414059014868;0.6693236939537812
1661425853150;0.4567;0.1864;0.3143;-0.03794125465102438;-0.7371421597595479;-0.08510495779902719;0.6692824842012235
1661425853174;0.4583;0.1862;0.3149;-0.03800050927655535;-0.7371832661559353;-0.08504570317349597;0.6692413778048362
1661425853192;0.4601;0.1859;0.3156;-0.037706879487576006;-0.7376951294593121;-0.08533300070844968;0.6686571365067525
1661425853206;0.4627;0.1854;0.3165;-0.037767162740644566;-0.7377366384940495;-0.08527271745538106;0.668615627472015
1661425853222;0.4662;0.1848;0.3178;-0.037537620893504625;-0.7382914636493483;-0.08549583334827435;0.6679873533235811
1661425853238;0.4707;0.1841;0.3194;-0.03731189496289419;-0.738847721479088;-0.08571503962931054;0.6673565755582123
1661425853254;0.4764;0.1831;0.3214;-0.03680750310560604;-0.739921402114626;-0.086206111121399;0.6661306424517506
1661425853270;0.4834;0.1819;0.3238;-0.036314394518644405;-0.7409989925599636;-0.08668552462235854;0.6648965164571173
1661425853302;0.5013;0.1786;0.3296;-0.036151944973691424;-0.7432252109722242;-0.08804600388228803;0.6622365316488303
1661425853318;0.5122;0.1765;0.333;-0.03486223946169392;-0.7449165373530722;-0.08808679656457793;0.6603973750013057
1661425853334;0.5246;0.1741;0.3367;-0.03490169872444565;-0.7465552749766765;-0.08925021492524376;0.6583855192563431
1661425853350;0.5383;0.1713;0.3407;-0.03432036913087308;-0.7482331532507982;-0.08980725045036111;0.6564327219187311
1661425853374;0.5616;0.1663;0.3469;-0.03347399864097664;-0.7510805649369233;-0.09061124034035115;0.6531057184813185
1661425853392;0.5791;0.1624;0.3512;-0.03244505081317048;-0.7537961185698009;-0.09159544516416479;0.649883839414408
1661425853407;0.598;0.158;0.3556;-0.03177794551802213;-0.7560405261117585;-0.09222505569610559;0.6472151297344332
1661425853430;0.6294;0.1502;0.3621;-0.03067480330836886;-0.7599641265406512;-0.09325894666215238;0.6425078611820745
1661425853446;0.6524;0.1442;0.3664;-0.029957578521066758;-0.762773848678857;-0.09392387469831033;0.639106333110895
1661425853470;0.6899;0.1337;0.3723;-0.029487140998654515;-0.7671965551674864;-0.09552818131344211;0.6335726642065718
1661425853486;0.7171;0.1257;0.3759;-0.02867990546075394;-0.7705161206166496;-0.09626432690477991;0.6294565515253621
1661425853510;0.7607;0.1119;0.3803;-0.027695707450043988;-0.775538770995212;-0.09713546798804343;0.6231671231145153
1661425853535;0.8067;0.0962;0.3834;-0.026665221408379167;-0.7810572314293786;-0.09803130447108312;0.6161399439598231
1661425853559;0.8544;0.0788;0.385;-0.025020244481878715;-0.7865375925136124;-0.09831421335247154;0.6091526232249537
1661425853574;0.8869;0.0663;0.385;-0.024143877418116952;-0.7902246563912496;-0.09908507594692256;0.6042716387016214
1661425853590;0.9193;0.0534;0.3843;-0.023401142707988376;-0.7933591151251421;-0.09973371818793823;0.6000724009852653
1661425853606;0.9519;0.0399;0.3827;-0.02212692549743303;-0.7968240286987903;-0.10089389439578114;0.5953169647590375
1661425853622;0.9844;0.0259;0.3804;-0.02069714771244867;-0.8001978605853325;-0.1022050405924482;0.590600661757775
1661425853638;1.0168;0.0115;0.3772;-0.018389519758350986;-0.8034896028455923;-0.1031769203471363;0.5860211658206299
1661425853654;1.049;-0.0032;0.3733;-0.015450074553470416;-0.8070535282116366;-0.10476020475526648;0.5809054977335607
1661425853678;1.0965;-0.0257;0.366;-0.011438780892439826;-0.8114884244872025;-0.1085645690130758;0.5740813753902645
1661425853697;1.128;-0.041;0.3601;-0.007524935450872489;-0.814542109968791;-0.11111337691623496;0.5693139238630311
1661425853710;1.1592;-0.0566;0.3535;-0.003789766886404755;-0.8173006833255393;-0.11468690896994321;0.5646699421905446
1661425853726;1.1903;-0.0725;0.3461;0.0014906645924299688;-0.8201565804798437;-0.11857447706470342;0.5597151550597094
1661425853742;1.2213;-0.0885;0.338;0.0064457274186175695;-0.8227267046952539;-0.12333549606430598;0.5548581597038157
1661425853758;1.252;-0.1048;0.3293;0.012089185085451204;-0.8253854946960687;-0.12875489347613442;0.5495587449538447
1661425853775;1.2823;-0.1211;0.3199;0.018469834080409198;-0.8280617672941019;-0.134878815217791;0.5438568561489833
1661425853790;1.3121;-0.1375;0.3099;0.025797890182832406;-0.8304240068938032;-0.1407448991812908;0.538443414845983
1661425853814;1.3555;-0.1617;0.2943;0.036401493290388554;-0.8335224041948445;-0.15091859100928648;0.5302253406611646
1661425853830;1.3833;-0.1775;0.2835;0.043874534836640916;-0.8354624963268585;-0.1580729857439463;0.5244905848555879
1661425853846;1.4102;-0.1927;0.2727;0.05229315905821877;-0.8370090294354693;-0.16497705546555502;0.519099105498286
1661425853870;1.4481;-0.2142;0.2568;0.06487590175684843;-0.8392751991607161;-0.17583788274580694;0.5103815204691957
1661425853887;1.4715;-0.2275;0.2466;0.07314391946660154;-0.8404628526677955;-0.18371990526334436;0.5044989164910094
1661425853902;1.4933;-0.2396;0.2369;0.08092091070603924;-0.8412433123072074;-0.1911279609585358;0.4992310068983459
1661425853918;1.5135;-0.2506;0.2279;0.08928168670381503;-0.8418732326364738;-0.19794193409485777;0.4940619711294548
1661425853942;1.5407;-0.265;0.2158;0.10026455922128366;-0.8423944346214088;-0.20837036906025075;0.4867241764908884
1661425853958;1.5568;-0.2733;0.2087;0.1079081672523752;-0.8426121744288531;-0.21448660687691973;0.4820332420227253
1661425853975;1.5714;-0.2806;0.2023;0.1144995798808705;-0.8424764966288563;-0.22073544697356728;0.477911143712356
1661425854014;1.6015;-0.2949;0.1895;0.12989139279335848;-0.8420388007292685;-0.23305745519399634;0.4688103099582122
1661425854030;1.6111;-0.2992;0.1852;0.1348667659857214;-0.8419086613592659;-0.23664020636988548;0.4658349215011897
1661425854046;1.6193;-0.3028;0.1808;0.13871080933244725;-0.8416420784706399;-0.24026809705339514;0.46332403850901016
1661425854078;1.6323;-0.3075;0.1689;0.14567521376134374;-0.8411515030057487;-0.2457313356464193;0.4591938498806182
1661425854094;1.6373;-0.3084;0.1603;0.14762105116234614;-0.8409386049855624;-0.24756698708028618;0.4579747534598928
1661425854110;1.6414;-0.3085;0.1494;0.14957175415299354;-0.8407090606910281;-0.24940681908554369;0.4567634007067952
1661425854127;1.6447;-0.3077;0.1362;0.15076298295417975;-0.8406635336129058;-0.25052375370583757;0.455843388734944
1661425854142;1.6475;-0.3061;0.1209;0.1511296386278406;-0.8402432687175382;-0.25198410334121113;0.4556918842446189
1661425854158;1.6496;-0.3039;0.1041;0.15189478754076877;-0.8400392890109442;-0.252711491811983;0.45541065901238437
1661425854174;1.6513;-0.3014;0.0868;0.1526605680678697;-0.8398326493941373;-0.25343943512062156;0.4551311071488736
1661425854198;1.6531;-0.2974;0.0622;0.1522633331720495;-0.8396111620077983;-0.25417223076990636;0.45526415530843367
1661425854215;1.6538;-0.295;0.0482;0.1522633331720495;-0.8396111620077983;-0.25417223076990636;0.45526415530843367
1661425854238;1.6545;-0.2922;0.032;0.1518659823210774;-0.8393890352210353;-0.2549048328559806;0.455396856764535
1661425854254;1.6548;-0.2909;0.0246;0.1518659823210774;-0.8393890352210353;-0.2549048328559806;0.455396856764535
1661425854270;1.655;-0.29;0.0196;0.15153057632679404;-0.8397437171154171;-0.25456942686169726;0.4550421748701533
1661425854287;1.6551;-0.2895;0.0166;0.1516246169261387;-0.8402446630381705;-0.25462470326786013;0.45405411821018327
1661425854318;1.6552;-0.2893;0.0139;0.1503911318552764;-0.8420870772904083;-0.25444205120301944;0.4511442167415946
1661425854334;1.6552;-0.2893;0.0131;0.150214345666546;-0.84344416810092;-0.2541863316641815;0.4488060766607612
1661425854350;1.6552;-0.2894;0.0122;0.1493268236333941;-0.8455055513558732;-0.25321955956422093;0.445759707717133
1661425854374;1.6553;-0.2895;0.0103;0.1479068101752202;-0.8497069206032776;-0.2526841006565374;0.43848884804300736
1661425854390;1.6553;-0.2896;0.0087;0.14627022121849256;-0.8528976013539461;-0.2520067903170491;0.4332012022414957
1661425854398;1.6553;-0.2896;0.0078;0.1452701232620717;-0.8548854403733624;-0.25200318489710083;0.4296066455803288
1661425854414;1.6553;-0.2898;0.0058;0.1435446617178959;-0.8590764600771784;-0.25114215435861864;0.42226790564482963
1661425854430;1.6553;-0.2899;0.0035;0.14167882959891148;-0.8637629332674047;-0.2500883870526478;0.4138798171186614
1661425854454;1.6554;-0.2902;-0.0004;0.13791167199033816;-0.8717486765023716;-0.2480058746613532;0.3994091910292623
1661425854470;1.6554;-0.2903;-0.0033;0.1351091445415145;-0.8771735187457609;-0.24699662173480408;0.38897918443540735
1661425854486;1.6555;-0.2905;-0.0063;0.13241443605242081;-0.8827328817326292;-0.24602162846464992;0.37778622918328986
1661425854502;1.6555;-0.2907;-0.0094;0.12945130676665606;-0.8882519406583614;-0.24475007262784637;0.36653547037322803
1661425854518;1.6555;-0.2909;-0.0124;0.12733520171201945;-0.8937786823056529;-0.2431542856669467;0.35471313314103153
1661425854534;1.6556;-0.2911;-0.0154;0.12431289917075573;-0.8988750445233946;-0.24176916452933256;0.34368245302257644
1661425854550;1.6556;-0.2913;-0.0183;0.12186630762741103;-0.9037629487848344;-0.24087370681913173;0.33217614729569744
1661425854582;1.6557;-0.2916;-0.0234;0.11801694944571514;-0.9120533906561191;-0.2380693505421489;0.3123357113245998
1661425854606;1.6557;-0.2918;-0.0265;0.114678620709086;-0.9165584950742846;-0.23725960300763593;0.3007943148400303
1661425854622;1.6558;-0.2919;-0.0283;0.11402608291345617;-0.9191703888760956;-0.23617071397539266;0.29384901308177663
1661425854638;1.6559;-0.2921;-0.0301;0.11276153565605065;-0.9214000214009853;-0.23558376283917257;0.2877622757160668
1661425854654;1.6561;-0.2922;-0.0319;0.11224864755701221;-0.9235111983893644;-0.23468659114876278;0.28186789726046335
1661425854670;1.6564;-0.2923;-0.0336;0.11253654500894499;-0.9248522486985152;-0.23465168768032224;0.27734893110218706
1661425854688;1.6567;-0.2924;-0.0354;0.11252441931363386;-0.9260370116088487;-0.2343796470269029;0.27360535310594175
1661425854711;1.6575;-0.2925;-0.0382;0.11437136132733658;-0.9277407254693038;-0.23368208911866756;0.2675986159137541
1661425854734;1.6584;-0.2927;-0.0413;0.11648920603771053;-0.928974525305782;-0.23333058258769407;0.2626660150055359
1661425854750;1.6591;-0.2928;-0.0435;0.11862578523149711;-0.9296127850168451;-0.23313470230468228;0.2596077880047952
1661425854766;1.6599;-0.2929;-0.0459;0.12075650437966978;-0.9302374645407758;-0.23294039597675306;0.25654414461637015
1661425854782;1.6607;-0.293;-0.0486;0.1231024599112339;-0.9310513218165075;-0.23193528840734434;0.2533678008329773
1661425854798;1.6617;-0.2932;-0.0514;0.12548898743309309;-0.9317727272612099;-0.2319537882845094;0.2494985748770706
1661425854838;1.6639;-0.2935;-0.058;0.13234511018330183;-0.9332441895567694;-0.23096873895003595;0.24123328148688064
1661425854854;1.6647;-0.2936;-0.0602;0.13443727928774363;-0.9337854477808177;-0.23078677248443683;0.23813613983749643
1661425854870;1.6654;-0.2936;-0.0621;0.13652318644470549;-0.9343131509802358;-0.23060661782650452;0.2350339194307658
1661425854888;1.6661;-0.2934;-0.0638;0.13778693382140117;-0.9349479007396194;-0.2306306126298177;0.23172549339395265
1661425854902;1.6669;-0.2931;-0.0652;0.13985971626455207;-0.9354503146559817;-0.23045145927940996;0.22861341494412415
1661425854926;1.6683;-0.2923;-0.0667;0.14146699705876686;-0.9368896245320415;-0.22965555363863271;0.22244830156761894
1661425854942;1.6694;-0.2914;-0.0675;0.14277869528370668;-0.9382025791308052;-0.22863011526424373;0.21706781216856252
1661425854966;1.6713;-0.2896;-0.0681;0.14387097850137676;-0.9403999242546839;-0.22814002752570697;0.20712617373816108
1661425854982;1.6727;-0.288;-0.0681;0.14495029336458445;-0.942146999129052;-0.22680398348038835;0.1997708626478613
1661425854998;1.6743;-0.2862;-0.0681;0.14539192995731196;-0.9440618255320812;-0.22578604356848117;0.1913873527849057
1661425855022;1.6772;-0.2831;-0.068;0.14708788709862303;-0.9471523834783717;-0.22370462355117465;0.17670245426119416
1661425855038;1.6794;-0.2807;-0.068;0.14818412147149324;-0.9493165947621283;-0.22224175460983558;0.16567459539983959
1661425855062;1.683;-0.2767;-0.0679;0.15076966903804992;-0.9525763789410573;-0.2199256771298728;0.14662689289713202
1661425855096;1.688;-0.2711;-0.0678;0.15351762897403046;-0.956850000293616;-0.21560480089754303;0.11993741852412008
1661425855119;1.6916;-0.2672;-0.0677;0.15625116657544463;-0.9594677525417366;-0.21181274436367084;0.1007103078212542
1661425855150;1.6957;-0.2626;-0.0676;0.15928842518489272;-0.9619705226240134;-0.2074573204492355;0.07874878663587553
1661425855174;1.6984;-0.2598;-0.0675;0.16168292553193891;-0.9631596337627752;-0.20478244148065933;0.06516366428164216
1661425855198;1.7012;-0.2576;-0.0675;0.16239228910811063;-0.9645659429654733;-0.20065344507771757;0.054584623180878374
1661425855230;1.7051;-0.2554;-0.0674;0.16240686243437982;-0.9665049571342607;-0.194117691334502;0.04254997978947139
1661425855254;1.7083;-0.2544;-0.0673;0.16214083283594372;-0.9677987194276195;-0.18928439154830404;0.035318665287843505
1661425855278;1.7116;-0.2539;-0.0673;0.16048618050641741;-0.9694184307087037;-0.18317351407919868;0.030324178613994595
1661425855303;1.7149;-0.2537;-0.0672;0.15830615037167037;-0.9710655064278972;-0.17661508327278344;0.02789367922991753
1661425855327;1.7179;-0.2536;-0.0672;0.1562253301895817;-0.9724871542050667;-0.17102119657381687;0.024781675402336688
1661425855366;1.7218;-0.2535;-0.0671;0.15414882673602268;-0.9741557502732826;-0.16370601470224364;0.02142554960122007
1661425855390;1.7233;-0.2535;-0.0671;0.15265994260756804;-0.974963160102069;-0.16047261309596036;0.019756487870963617
1661425855414;1.7242;-0.2534;-0.0671;0.1512660334515146;-0.9754539182511146;-0.1590649128197429;0.01750982587122467
1661425855438;1.7249;-0.2533;-0.0671;0.14986401768299518;-0.975937733307749;-0.15764908217432008;0.015267082224127997
1661425855470;1.7258;-0.253;-0.0671;0.14702629210319662;-0.9767489140220433;-0.15564556424579093;0.010921845894984208
1661425855495;1.7269;-0.2527;-0.0672;0.1442891668529555;-0.9773686601830578;-0.1545858907649449;0.005860102154656786
1661425855518;1.7281;-0.2524;-0.0673;0.139825124543537;-0.9784736023928935;-0.15178359242740622;0.0002916101666206733
1661425855542;1.7296;-0.252;-0.0674;0.13557349876615768;-0.9793224749031995;-0.15000155543233687;-0.006844702305767624
1661425855566;1.7314;-0.2515;-0.0675;0.13053313902666722;-0.9803125944893335;-0.1473815796598928;-0.015066077073714646
1661425855598;1.7339;-0.2508;-0.0676;0.12316801291389287;-0.9816473618775022;-0.14317700472872152;-0.026428068992933124
1661425855622;1.7356;-0.2504;-0.0677;0.11797702098350146;-0.9824445791526172;-0.14031465640308677;-0.0345813332880487
1661425855646;1.7371;-0.25;-0.0678;0.11340096431959827;-0.9830632383612187;-0.13807585994138977;-0.04076699125008429
1661425855674;1.7385;-0.2496;-0.0678;0.1088986056766751;-0.9835652582361847;-0.1358543979184088;-0.04779183025047408
1661425855702;1.7396;-0.2493;-0.0679;0.10591104967874422;-0.983843500404228;-0.13435851661612946;-0.05275040550569756
1661425855734;1.7419;-0.2489;-0.0679;0.10274564668600278;-0.9841175048702033;-0.13353814183825136;-0.05588947458607526
1661425855758;1.7448;-0.2485;-0.0679;0.1010834088843712;-0.9843413483780205;-0.1326542424890373;-0.05707106334488025
1661425855782;1.7488;-0.248;-0.0679;0.09845592150198247;-0.9847178674971648;-0.13164509815285447;-0.05750409624849986
1661425855806;1.754;-0.2474;-0.0678;0.09663302061135556;-0.9849577448452815;-0.1314753686241447;-0.0568729078029942
1661425855830;1.7605;-0.2466;-0.0677;0.09390051532058227;-0.9853900399461762;-0.13039914851307022;-0.056437792873822286
1661425855867;1.7721;-0.2452;-0.0675;0.08837987066157521;-0.9861804257886615;-0.12905302114148215;-0.054612123080810066
1661425855886;1.7781;-0.2445;-0.0674;0.0856941153723017;-0.9864730087318325;-0.12884884725393905;-0.054087856266038875
1661425855910;1.7837;-0.2438;-0.0673;0.08305408208699101;-0.9866448939732946;-0.1295092646350134;-0.05349040118387466
1661425855934;1.787;-0.2435;-0.067;0.07968943419525307;-0.9865340555612981;-0.13271058190794008;-0.052802014592945715
1661425855958;1.7873;-0.2435;-0.0666;0.07740656819449876;-0.9857297329183222;-0.14026478346682178;-0.051680821976135286
1661425855990;1.7827;-0.2442;-0.0657;0.07310537018804364;-0.9833139308464242;-0.15885027970343726;-0.05015881668423435
1661425856014;1.776;-0.2451;-0.0648;0.06877347333554437;-0.980518519014683;-0.17739879677434753;-0.04881915748588578
1661425856038;1.7679;-0.2462;-0.0638;0.0652257299045706;-0.9768307169892586;-0.19846454146498937;-0.046466980596532426
1661425856062;1.7602;-0.2472;-0.0629;0.0617549616660092;-0.9727985717282462;-0.21864729458502857;-0.045195399364998515
1661425856086;1.754;-0.2481;-0.0621;0.05871252455787437;-0.969367178686285;-0.23453367320133617;-0.04329051259250618
1661425856118;1.7485;-0.2488;-0.0614;0.05635764508223558;-0.9662620015787202;-0.24788169955071251;-0.04142732399902808
1661425856142;1.7465;-0.2491;-0.0612;0.055550279913552866;-0.9648336324216732;-0.25371865476640054;-0.04046075101939622
1661425856166;1.7458;-0.2492;-0.0611;0.05477920306693259;-0.9644375116285157;-0.2553668985879416;-0.04058660099989169
1661425856190;1.7457;-0.2492;-0.0611;0.05477920306693259;-0.9644375116285157;-0.2553668985879416;-0.04058660099989169
1661425856219;1.7457;-0.2492;-0.0611;0.05477920306693259;-0.9644375116285157;-0.2553668985879416;-0.04058660099989169
1661425856254;1.7461;-0.2492;-0.0611;0.05477920306693259;-0.9644375116285157;-0.2553668985879416;-0.04058660099989169
1661425856278;1.7476;-0.249;-0.061;0.05477920306693259;-0.9644375116285157;-0.2553668985879416;-0.04058660099989169
1661425856303;1.7509;-0.2486;-0.0608;0.05477920306693259;-0.9644375116285157;-0.2553668985879416;-0.04058660099989169
1661425856326;1.7561;-0.248;-0.0605;0.05477920306693259;-0.9644375116285157;-0.2553668985879416;-0.04058660099989169
1661425856350;1.7631;-0.2472;-0.0601;0.05477920306693259;-0.9644375116285157;-0.2553668985879416;-0.04058660099989169
1661425856382;1.7755;-0.2458;-0.0593;0.05477920306693259;-0.9644375116285157;-0.2553668985879416;-0.04058660099989169
1661425856406;1.7864;-0.2446;-0.0587;0.0539375518149997;-0.9644849482646455;-0.255331382864954;-0.040809435176423915
1661425856430;1.7972;-0.2434;-0.0581;0.0539375518149997;-0.9644849482646455;-0.255331382864954;-0.040809435176423915
1661425856462;1.8091;-0.242;-0.0574;0.0539375518149997;-0.9644849482646455;-0.255331382864954;-0.040809435176423915
1661425856495;1.8168;-0.2412;-0.0568;0.0539375518149997;-0.9644849482646455;-0.255331382864954;-0.040809435176423915
1661425856518;1.8187;-0.2412;-0.0566;0.0539375518149997;-0.9644849482646455;-0.255331382864954;-0.040809435176423915
1661425856542;1.8163;-0.2418;-0.0565;0.0539375518149997;-0.9644849482646455;-0.255331382864954;-0.040809435176423915
1661425856566;1.8098;-0.2431;-0.0564;0.0539375518149997;-0.9644849482646455;-0.255331382864954;-0.040809435176423915
1661425856590;1.8;-0.245;-0.0564;0.0539375518149997;-0.9644849482646455;-0.255331382864954;-0.040809435176423915
1661425856630;1.7782;-0.2493;-0.0564;0.0539375518149997;-0.9644849482646455;-0.255331382864954;-0.040809435176423915
1661425856654;1.7635;-0.2522;-0.056;0.0539375518149997;-0.9644849482646455;-0.255331382864954;-0.040809435176423915
1661425856678;1.7493;-0.2552;-0.0543;0.0539375518149997;-0.9644849482646455;-0.255331382864954;-0.040809435176423915
1661425856695;1.7408;-0.2571;-0.0522;0.0539375518149997;-0.9644849482646455;-0.255331382864954;-0.040809435176423915
1661425856718;1.7297;-0.2599;-0.0468;0.0539375518149997;-0.9644849482646455;-0.255331382864954;-0.040809435176423915
1661425856750;1.7179;-0.2637;-0.035;0.0539375518149997;-0.9644849482646455;-0.255331382864954;-0.040809435176423915
1661425856774;1.7112;-0.2666;-0.0226;0.0539375518149997;-0.9644849482646455;-0.255331382864954;-0.040809435176423915
1661425856798;1.7059;-0.2695;-0.0072;0.0539375518149997;-0.9644849482646455;-0.255331382864954;-0.040809435176423915
1661425856822;1.7014;-0.2727;0.0106;0.0539375518149997;-0.9644849482646455;-0.255331382864954;-0.040809435176423915
1661425856846;1.6971;-0.2759;0.0295;0.0539375518149997;-0.9644849482646455;-0.255331382864954;-0.040809435176423915
1661425856878;1.6917;-0.28;0.0536;0.0539375518149997;-0.9644849482646455;-0.255331382864954;-0.040809435176423915
1661425856904;1.6882;-0.2827;0.069;0.0539375518149997;-0.9644849482646455;-0.255331382864954;-0.040809435176423915
1661425856926;1.6853;-0.2846;0.0815;0.0539375518149997;-0.9644849482646455;-0.255331382864954;-0.040809435176423915
1661425856950;1.6831;-0.2853;0.0912;0.05477920306693259;-0.9644375116285157;-0.2553668985879416;-0.04058660099989169
1661425856974;1.6812;-0.2838;0.0986;0.056277716339736834;-0.9641715183663874;-0.2562530142057485;-0.03924913406825266
1661425857006;1.679;-0.2771;0.1059;0.06201124064213028;-0.9634156492699488;-0.25813873910268953;-0.0367326033689479
1661425857030;1.6769;-0.2678;0.1106;0.06919244036738725;-0.9625578556641834;-0.26002378328108583;-0.032900042908266425
1661425857054;1.6738;-0.2543;0.116;0.07931395074638148;-0.9610210373545002;-0.26354459337433694;-0.026307988943209053
1661425857078;1.669;-0.2366;0.1224;0.09250522970721715;-0.9590938988465573;-0.26694967191881624;-0.0178759149293518
1661425857103;1.662;-0.2159;0.1297;0.10768255461795366;-0.956316113890127;-0.2716944492611001;-0.0067885186708624146
1661425857134;1.649;-0.1858;0.1398;0.13041526026578423;-0.9513770089880449;-0.27877653039782535;0.012541640965982204
1661425857158;1.6365;-0.1628;0.1471;0.14786770917438055;-0.9472733126334489;-0.2826483408472401;0.030303913481190037
1661425857182;1.6219;-0.1408;0.1539;0.16446042008577555;-0.9423157182032431;-0.28719587689279025;0.050123704453058554
1661425857206;1.6057;-0.1205;0.1601;0.17914330448823318;-0.937430988257239;-0.28970675525206374;0.07211667403182903
1661425857230;1.5883;-0.1026;0.1657;0.1920049195129854;-0.9320894149725475;-0.29187269242067093;0.09567530923939939
1661425857262;1.5638;-0.0822;0.1725;0.20723262325278397;-0.9244923405606277;-0.2929001108097714;0.1287558821651486
1661425857288;1.5446;-0.0698;0.1771;0.21569018042149363;-0.918813841443404;-0.29257684682356205;0.15381046630363185
1661425857310;1.5251;-0.0597;0.1816;0.2217732227398771;-0.9127221884052397;-0.29154214864423794;0.1809917678576016
1661425857334;1.5055;-0.0519;0.1861;0.2255124664918584;-0.906897929322969;-0.2888207977956238;0.20799716345943084
1661425857358;1.4859;-0.0465;0.1906;0.2277552167720231;-0.9011459696717322;-0.2843162097595192;0.23500594768112448
1661425857390;1.4603;-0.0426;0.1969;0.22629455904838428;-0.893398688220457;-0.2771630092368813;0.27168036870893086
1661425857414;1.4417;-0.0421;0.202;0.2222825577150231;-0.8876410674782488;-0.2709704708924716;0.29876211902792305
1661425857438;1.4238;-0.0436;0.2074;0.21677180300545934;-0.8819845400673719;-0.26212942180375964;0.32619230942610433
1661425857462;1.4068;-0.0468;0.2134;0.20731579695438804;-0.8764869114662639;-0.25346997622762885;0.3529076727880282
1661425857486;1.3907;-0.0517;0.2198;0.19683628956712534;-0.8714229293763806;-0.24265596227751762;0.37814763947128743
1661425857518;1.3711;-0.0605;0.2293;0.17802250298278557;-0.8645394856153955;-0.2270429356719556;0.4114984466617971
1661425857544;1.3578;-0.0686;0.2371;0.16159020301501956;-0.8599698599142828;-0.2135784529685869;0.4344245512814843
1661425857566;1.3457;-0.0779;0.2455;0.1426361538271114;-0.855501645057428;-0.19989176564023162;0.4558674642422663
1661425857590;1.3351;-0.0882;0.2545;0.12118584633620369;-0.85148594707349;-0.18492495531706954;0.4754875744802585
1661425857614;1.3259;-0.0992;0.2639;0.09915597916540658;-0.8477831232809775;-0.16940665710542374;0.49267966489806103
1661425857630;1.3208;-0.1067;0.2703;0.08347265405244028;-0.8453812078465958;-0.1588652991471897;0.5031150426812404
1661425857662;1.3128;-0.1213;0.2828;0.05229504255688608;-0.8413638660137481;-0.13911422062686166;0.5196338202135751
1661425857687;1.3083;-0.1311;0.2915;0.0311316924982398;-0.839150665663194;-0.12555357257964017;0.5282927961383753
1661425857711;1.3045;-0.1391;0.2993;0.012394523324700202;-0.8370864895419696;-0.11434652484790882;0.5348433949045852
1661425857734;1.3004;-0.1442;0.306;-0.0018515487205538472;-0.8353555832182366;-0.10514919637512123;0.5395565474119663
1661425857758;1.2952;-0.146;0.3116;-0.011824346893565874;-0.8343446768595475;-0.0989269706922542;0.5421647346391424
1661425857790;1.2848;-0.1433;0.3181;-0.020742620951450796;-0.8324737944126799;-0.0949666250568488;0.5454708657825196
1661425857814;1.2737;-0.1373;0.3229;-0.023595498725807906;-0.831002032825676;-0.09340296298419418;0.5478638155465717
1661425857838;1.259;-0.1282;0.3278;-0.0243053764050081;-0.8296807423351783;-0.09275723208286796;0.5499410971843105
1661425857862;1.2409;-0.1165;0.3333;-0.024685048848947275;-0.827569733730153;-0.0936666097420856;0.5529426284855895
1661425857888;1.219;-0.1026;0.3394;-0.024374825876058367;-0.825471701115855;-0.09406053829086317;0.5560170443941818
1661425857918;1.1842;-0.0813;0.3483;-0.024403895820967025;-0.8216978075722479;-0.09538146684521939;0.5613550914369395
1661425857942;1.1537;-0.0634;0.3552;-0.024095972773814714;-0.8185154106404428;-0.0958096616453731;0.5659261571756425
1661425857966;1.1195;-0.0442;0.3621;-0.02365100678651516;-0.8152542597537382;-0.09637161211213656;0.5705380217043177
1661425857990;1.0824;-0.0243;0.3685;-0.023988074237494925;-0.8114204932822606;-0.09737748679699007;0.5757942170958746
1661425858014;1.0431;-0.0042;0.3741;-0.024439071278994487;-0.8070294053085199;-0.09828568888007859;0.5817612862023094
1661425858046;0.988;0.0223;0.38;-0.02388979081678648;-0.8010997515694203;-0.09781570829080101;0.5900004687639765
1661425858070;0.9455;0.0414;0.383;-0.025202261640328585;-0.7965824671469635;-0.09906676159995581;0.5958246350969104
1661425858096;0.9026;0.0595;0.3847;-0.02498945385776928;-0.791702658686743;-0.09820851060141737;0.6024429565275737
1661425858118;0.8599;0.0765;0.385;-0.025934215494819945;-0.78718844637234;-0.09860322826419032;0.6082262488091498
1661425858142;0.8175;0.0923;0.3839;-0.026603208108938584;-0.7822115337045331;-0.0980652479831474;0.6146711258843371
1661425858174;0.7626;0.1113;0.3805;-0.027569104189013927;-0.7760841830731019;-0.09724903391666948;0.622475630591468
1661425858198;0.7235;0.1237;0.3766;-0.02838801285859832;-0.7716045138148395;-0.0965317615570759;0.628094112372655
1661425858222;0.6869;0.1346;0.3719;-0.029370582508141896;-0.7671388217566129;-0.09564473980395437;0.6336303976174457
1661425858246;0.653;0.144;0.3665;-0.029957578521066758;-0.762773848678857;-0.09392387469831033;0.639106333110895
1661425858270;0.622;0.1521;0.3607;-0.03106171876377417;-0.7588867610620926;-0.09289228929586564;0.643814473355096
1661425858302;0.5851;0.161;0.3527;-0.03231968371996735;-0.7543821915658692;-0.09171158024225007;0.6491932941289421
1661425858326;0.5607;0.1665;0.3467;-0.03338854301413155;-0.7510306287004863;-0.09069669596719598;0.6531556547177554
1661425858350;0.5391;0.1712;0.3409;-0.03432036913087308;-0.7482331532507982;-0.08980725045036111;0.6564327219187311
1661425858374;0.5201;0.175;0.3354;-0.03507669430694266;-0.7459821346154851;-0.08908312827954998;0.6590481595505375
1661425858398;0.5038;0.1781;0.3304;-0.03588771714889627;-0.7437472802896723;-0.08830279559459961;0.6616303130221096
1661425858430;0.4862;0.1814;0.3247;-0.037027512766616116;-0.7410108612452487;-0.0871992346623402;0.664776774781727
1661425858454;0.476;0.1832;0.3213;-0.03680750310560604;-0.739921402114626;-0.086206111121399;0.6661306424517506
1661425858478;0.4684;0.1845;0.3186;-0.037249544061544265;-0.7388054273447883;-0.08577739053066041;0.6673988696925119
1661425858503;0.4629;0.1854;0.3166;-0.037767162740644566;-0.7377366384940495;-0.08527271745538106;0.668615627472015
1661425858526;0.4593;0.186;0.3153;-0.03800050927655535;-0.7371832661559353;-0.08504570317349597;0.6692413778048362
1661425858558;0.4567;0.1864;0.3144;-0.03794125465102438;-0.7371421597595479;-0.08510495779902719;0.6692824842012235
1661425858582;0.456;0.1865;0.3141;-0.03788207185990283;-0.7371009500069903;-0.08516414059014868;0.6693236939537812
1661425858606;0.4559;0.1865;0.3141;-0.03788207185990283;-0.7371009500069903;-0.08516414059014868;0.6693236939537812
1661425858632;0.4559;0.1865;0.3141;-0.03788207185990283;-0.7371009500069903;-0.08516414059014868;0.6693236939537812
1661425858654;0.4559;0.1865;0.3141;-0.03788207185990283;-0.7371009500069903;-0.08516414059014868;0.6693236939537812
1661425858678;0.4559;0.1865;0.3141;-0.03788207185990283;-0.7371009500069903;-0.08516414059014868;0.6693236939537812
1661425858703;0.4559;0.1865;0.3141;-0.03788207185990283;-0.7371009500069903;-0.08516414059014868;0.6693236939537812
1661425858726;0.4559;0.1865;0.3141;-0.03788207185990283;-0.7371009500069903;-0.08516414059014868;0.6693236939537812
1661425858750;0.4559;0.1865;0.3141;-0.03788207185990283;-0.7371009500069903;-0.08516414059014868;0.6693236939537812
1661425858774;0.4559;0.1865;0.3141;-0.03788207185990283;-0.7371009500069903;-0.08516414059014868;0.6693236939537812
1661425858806;0.4559;0.1865;0.3141;-0.03788207185990283;-0.7371009500069903;-0.08516414059014868;0.6693236939537812
1661425858830;0.4559;0.1865;0.3141;-0.03788207185990283;-0.7371009500069903;-0.08516414059014868;0.6693236939537812
1661425858854;0.4559;0.1865;0.3141;-0.03788207185990283;-0.7371009500069903;-0.08516414059014868;0.6693236939537812
1661425858878;0.4559;0.1865;0.3141;-0.03788207185990283;-0.7371009500069903;-0.08516414059014868;0.6693236939537812
1661425858903;0.4559;0.1865;0.3141;-0.03788207185990283;-0.7371009500069903;-0.08516414059014868;0.6693236939537812
1661425858934;0.4559;0.1865;0.3141;-0.03788207185990283;-0.7371009500069903;-0.08516414059014868;0.6693236939537812
1661425858958;0.4559;0.1865;0.3141;-0.03788207185990283;-0.7371009500069903;-0.08516414059014868;0.6693236939537812
1661425858982;0.4559;0.1865;0.3141;-0.03788207185990283;-0.7371009500069903;-0.08516414059014868;0.6693236939537812
1661425859006;0.4559;0.1865;0.3141;-0.03788207185990283;-0.7371009500069903;-0.08516414059014868;0.6693236939537812
1661425859030;0.4559;0.1865;0.3141;-0.03788207185990283;-0.7371009500069903;-0.08516414059014868;0.6693236939537812
