1661425897327;0.4559;0.1866;0.314;-0.03788207185990283;-0.7371009500069903;-0.08516414059014868;0.6693236939537812
1661425897343;0.4559;0.1866;0.314;-0.03788207185990283;-0.7371009500069903;-0.08516414059014868;0.6693236939537812
1661425897367;0.4559;0.1866;0.314;-0.03788207185990283;-0.7371009500069903;-0.08516414059014868;0.6693236939537812
1661425897383;0.4559;0.1866;0.314;-0.03788207185990283;-0.7371009500069903;-0.08516414059014868;0.6693236939537812
1661425897399;0.4559;0.1866;0.314;-0.03788207185990283;-0.7371009500069903;-0.08516414059014868;0.6693236939537812
1661425897415;0.4559;0.1866;0.314;-0.03788207185990283;-0.7371009500069903;-0.08516414059014868;0.6693236939537812
1661425897431;0.4559;0.1866;0.314;-0.03788207185990283;-0.7371009500069903;-0.08516414059014868;0.6693236939537812
1661425897455;0.4559;0.1866;0.314;-0.03788207185990283;-0.7371009500069903;-0.08516414059014868;0.6693236939537812
1661425897471;0.4559;0.1866;0.314;-0.03788207185990283;-0.7371009500069903;-0.08516414059014868;0.6693236939537812
1661425897487;0.4559;0.1866;0.314;-0.03788207185990283;-0.7371009500069903;-0.08516414059014868;0.6693236939537812
1661425897503;0.4559;0.1866;0.314;-0.03788207185990283;-0.7371009500069903;-0.08516414059014868;0.6693236939537812
1661425897527;0.4559;0.1866;0.314;-0.03788207185990283;-0.7371009500069903;-0.08516414059014868;0.6693236939537812
1661425897543;0.4559;0.1866;0.314;-0.03788207185990283;-0.7371009500069903;-0.08516414059014868;0.6693236939537812
1661425897559;0.4559;0.1866;0.314;-0.03788207185990283;-0.7371009500069903;-0.08516414059014868;0.6693236939537812
1661425897583;0.4559;0.1866;0.314;-0.03788207185990283;-0.7371009500069903;-0.08516414059014868;0.6693236939537812
1661425897599;0.4559;0.1866;0.314;-0.03788207185990283;-0.7371009500069903;-0.08516414059014868;0.6693236939537812
1661425897615;0.4559;0.1866;0.314;-0.03788207185990283;-0.7371009500069903;-0.08516414059014868;0.6693236939537812
1661425897631;0.4559;0.1866;0.314;-0.03788207185990283;-0.7371009500069903;-0.08516414059014868;0.6693236939537812
1661425897647;0.4559;0.1866;0.314;-0.03788207185990283;-0.7371009500069903;-0.08516414059014868;0.6693236939537812
1661425897663;0.4559;0.1866;0.314;-0.03788207185990283;-0.7371009500069903;-0.08516414059014868;0.6693236939537812
1661425897679;0.4559;0.1866;0.3141;-0.03788207185990283;-0.7371009500069903;-0.08516414059014868;0.6693236939537812
1661425897695;0.4559;0.1866;0.3141;-0.03788207185990283;-0.7371009500069903;-0.08516414059014868;0.6693236939537812
1661425897719;0.4559;0.1866;0.3141;-0.03788207185990283;-0.7371009500069903;-0.08516414059014868;0.6693236939537812
1661425897737;0.4559;0.1866;0.3141;-0.03788207185990283;-0.7371009500069903;-0.08516414059014868;0.6693236939537812
1661425897751;0.4559;0.1865;0.3141;-0.03788207185990283;-0.7371009500069903;-0.08516414059014868;0.6693236939537812
1661425897767;0.4559;0.1865;0.3141;-0.03788207185990283;-0.7371009500069903;-0.08516414059014868;0.6693236939537812
1661425897783;0.4559;0.1865;0.3141;-0.03788207185990283;-0.7371009500069903;-0.08516414059014868;0.6693236939537812
1661425897799;0.4559;0.1865;0.3141;-0.03788207185990283;-0.7371009500069903;-0.08516414059014868;0.6693236939537812
1661425897815;0.4559;0.1865;0.3141;-0.03788207185990283;-0.7371009500069903;-0.08516414059014868;0.6693236939537812
1661425897839;0.4559;0.1865;0.3141;-0.03788207185990283;-0.7371009500069903;-0.08516414059014868;0.6693236939537812
1661425897855;0.4559;0.1865;0.3141;-0.03788207185990283;-0.7371009500069903;-0.08516414059014868;0.6693236939537812
1661425897879;0.4559;0.1865;0.3141;-0.03788207185990283;-0.7371009500069903;-0.08516414059014868;0.6693236939537812
1661425897895;0.4559;0.1865;0.3141;-0.03788207185990283;-0.7371009500069903;-0.08516414059014868;0.6693236939537812
1661425897911;0.4559;0.1865;0.3141;-0.03788207185990283;-0.7371009500069903;-0.08516414059014868;0.6693236939537812
1661425897927;0.4559;0.1865;0.3141;-0.03788207185990283;-0.7371009500069903;-0.08516414059014868;0.6693236939537812
1661425897945;0.4559;0.1865;0.3141;-0.03788207185990283;-0.7371009500069903;-0.08516414059014868;0.6693236939537812
1661425897967;0.4559;0.1865;0.3141;-0.03788207185990283;-0.7371009500069903;-0.08516414059014868;0.6693236939537812
1661425897983;0.4559;0.1865;0.3141;-0.03788207185990283;-0.7371009500069903;-0.08516414059014868;0.6693236939537812
1661425897999;0.4559;0.1865;0.3141;-0.03788207185990283;-0.7371009500069903;-0.08516414059014868;0.6693236939537812
1661425898015;0.4559;0.1865;0.3141;-0.03788207185990283;-0.7371009500069903;-0.08516414059014868;0.6693236939537812
1661425898031;0.4559;0.1865;0.3141;-0.03788207185990283;-0.7371009500069903;-0.08516414059014868;0.6693236939537812
1661425898047;0.4559;0.1865;0.3141;-0.03788207185990283;-0.7371009500069903;-0.08516414059014868;0.6693236939537812
1661425898063;0.4559;0.1865;0.3141;-0.03788207185990283;-0.7371009500069903;-0.08516414059014868;0.6693236939537812
1661425898079;0.4559;0.1865;0.3141;-0.03788207185990283;-0.7371009500069903;-0.08516414059014868;0.6693236939537812
1661425898103;0.4559;0.1865;0.3141;-0.03788207185990283;-0.7371009500069903;-0.08516414059014868;0.6693236939537812
1661425898119;0.4559;0.1865;0.3141;-0.03788207185990283;-0.7371009500069903;-0.08516414059014868;0.6693236939537812
1661425898135;0.4559;0.1865;0.3141;-0.03788207185990283;-0.7371009500069903;-0.08516414059014868;0.6693236939537812
1661425898151;0.4559;0.1865;0.3141;-0.03788207185990283;-0.7371009500069903;-0.08516414059014868;0.6693236939537812
1661425898167;0.4559;0.1865;0.3141;-0.03788207185990283;-0.7371009500069903;-0.08516414059014868;0.6693236939537812
1661425898183;0.4559;0.1865;0.3141;-0.03788207185990283;-0.7371009500069903;-0.08516414059014868;0.6693236939537812
1661425898199;0.4559;0.1865;0.3141;-0.03788207185990283;-0.7371009500069903;-0.08516414059014868;0.6693236939537812
1661425898223;0.4559;0.1865;0.3141;-0.03788207185990283;-0.7371009500069903;-0.08516414059014868;0.6693236939537812
1661425898239;0.4559;0.1865;0.3141;-0.03788207185990283;-0.7371009500069903;-0.08516414059014868;0.6693236939537812
1661425898255;0.4559;0.1865;0.3141;-0.03788207185990283;-0.7371009500069903;-0.08516414059014868;0.6693236939537812
1661425898279;0.4559;0.1865;0.3141;-0.03788207185990283;-0.7371009500069903;-0.08516414059014868;0.6693236939537812
1661425898303;0.4559;0.1865;0.3141;-0.03788207185990283;-0.7371009500069903;-0.08516414059014868;0.6693236939537812
1661425898319;0.4559;0.1865;0.3141;-0.03788207185990283;-0.7371009500069903;-0.08516414059014868;0.6693236939537812
1661425898335;0.4559;0.1865;0.3141;-0.03788207185990283;-0.7371009500069903;-0.08516414059014868;0.6693236939537812
1661425898359;0.4559;0.1865;0.3141;-0.03788207185990283;-0.7371009500069903;-0.08516414059014868;0.6693236939537812
1661425898383;0.4559;0.1865;0.3141;-0.03788207185990283;-0.7371009500069903;-0.08516414059014868;0.6693236939537812
1661425898407;0.4559;0.1865;0.3141;-0.03788207185990283;-0.7371009500069903;-0.08516414059014868;0.6693236939537812
1661425898423;0.4559;0.1865;0.3141;-0.03788207185990283;-0.7371009500069903;-0.08516414059014868;0.6693236939537812
1661425898439;0.4559;0.1865;0.3141;-0.03788207185990283;-0.7371009500069903;-0.08516414059014868;0.6693236939537812
1661425898455;0.4559;0.1865;0.3141;-0.03788207185990283;-0.7371009500069903;-0.08516414059014868;0.6693236939537812
1661425898487;0.4559;0.1865;0.3141;-0.03788207185990283;-0.7371009500069903;-0.08516414059014868;0.6693236939537812
1661425898511;0.4559;0.1865;0.3141;-0.03788207185990283;-0.7371009500069903;-0.08516414059014868;0.6693236939537812
1661425898527;0.4559;0.1865;0.3141;-0.03788207185990283;-0.7371009500069903;-0.08516414059014868;0.6693236939537812
1661425898543;0.4559;0.1865;0.3141;-0.03788207185990283;-0.7371009500069903;-0.08516414059014868;0.6693236939537812
1661425898559;0.4559;0.1865;0.3141;-0.03788207185990283;-0.7371009500069903;-0.08516414059014868;0.6693236939537812
1661425898583;0.4559;0.1865;0.3141;-0.03788207185990283;-0.7371009500069903;-0.08516414059014868;0.6693236939537812
1661425898607;0.4559;0.1865;0.3141;-0.03788207185990283;-0.7371009500069903;-0.08516414059014868;0.6693236939537812
1661425898623;0.4559;0.1865;0.3141;-0.03788207185990283;-0.7371009500069903;-0.08516414059014868;0.6693236939537812
1661425898639;0.4559;0.1865;0.3141;-0.03788207185990283;-0.7371009500069903;-0.08516414059014868;0.6693236939537812
1661425898655;0.4559;0.1865;0.3141;-0.03788207185990283;-0.7371009500069903;-0.08516414059014868;0.6693236939537812
1661425898679;0.4559;0.1865;0.3141;-0.03788207185990283;-0.7371009500069903;-0.08516414059014868;0.6693236939537812
1661425898695;0.4559;0.1865;0.3141;-0.03788207185990283;-0.7371009500069903;-0.08516414059014868;0.6693236939537812
1661425898703;0.4559;0.1865;0.3141;-0.03788207185990283;-0.7371009500069903;-0.08516414059014868;0.6693236939537812
1661425898719;0.4559;0.1865;0.3141;-0.03788207185990283;-0.7371009500069903;-0.08516414059014868;0.6693236939537812
1661425898743;0.4559;0.1865;0.3141;-0.03788207185990283;-0.7371009500069903;-0.08516414059014868;0.6693236939537812
1661425898759;0.4559;0.1865;0.3141;-0.03788207185990283;-0.7371009500069903;-0.08516414059014868;0.6693236939537812
1661425898783;0.4559;0.1865;0.3141;-0.03788207185990283;-0.7371009500069903;-0.08516414059014868;0.6693236939537812
1661425898799;0.4559;0.1865;0.3141;-0.03788207185990283;-0.7371009500069903;-0.08516414059014868;0.6693236939537812
1661425898823;0.4559;0.1865;0.3141;-0.03788207185990283;-0.7371009500069903;-0.08516414059014868;0.6693236939537812
1661425898839;0.4559;0.1865;0.3141;-0.03788207185990283;-0.7371009500069903;-0.08516414059014868;0.6693236939537812
1661425898862;0.4559;0.1865;0.3141;-0.03788207185990283;-0.7371009500069903;-0.08516414059014868;0.6693236939537812
1661425898878;0.4559;0.1865;0.3141;-0.03788207185990283;-0.7371009500069903;-0.08516414059014868;0.6693236939537812
1661425898895;0.4559;0.1865;0.3141;-0.03788207185990283;-0.7371009500069903;-0.08516414059014868;0.6693236939537812
1661425898903;0.4559;0.1865;0.3141;-0.03788207185990283;-0.7371009500069903;-0.08516414059014868;0.6693236939537812
1661425898911;0.4559;0.1865;0.3141;-0.03788207185990283;-0.7371009500069903;-0.08516414059014868;0.6693236939537812
1661425898927;0.4559;0.1865;0.3141;-0.03788207185990283;-0.7371009500069903;-0.08516414059014868;0.6693236939537812
1661425898943;0.4559;0.1865;0.3141;-0.03788207185990283;-0.7371009500069903;-0.08516414059014868;0.6693236939537812
1661425898959;0.4559;0.1865;0.3141;-0.03788207185990283;-0.7371009500069903;-0.08516414059014868;0.6693236939537812
1661425898991;0.4559;0.1865;0.3141;-0.03788207185990283;-0.7371009500069903;-0.08516414059014868;0.6693236939537812
1661425899007;0.4559;0.1865;0.3141;-0.03788207185990283;-0.7371009500069903;-0.08516414059014868;0.6693236939537812
1661425899015;0.4559;0.1865;0.3141;-0.03788207185990283;-0.7371009500069903;-0.08516414059014868;0.6693236939537812
1661425899031;0.4559;0.1865;0.3141;-0.03788207185990283;-0.7371009500069903;-0.08516414059014868;0.6693236939537812
1661425899047;0.4559;0.1865;0.3141;-0.03788207185990283;-0.7371009500069903;-0.08516414059014868;0.6693236939537812
1661425899063;0.4559;0.1865;0.3141;-0.03788207185990283;-0.7371009500069903;-0.08516414059014868;0.6693236939537812
1661425899079;0.4559;0.1865;0.3141;-0.03788207185990283;-0.7371009500069903;-0.08516414059014868;0.6693236939537812
1661425899095;0.4559;0.1865;0.3141;-0.03788207185990283;-0.7371009500069903;-0.08516414059014868;0.6693236939537812
1661425899119;0.4559;0.1865;0.3141;-0.03788207185990283;-0.7371009500069903;-0.08516414059014868;0.6693236939537812
1661425899143;0.4559;0.1865;0.3141;-0.03788207185990283;-0.7371009500069903;-0.08516414059014868;0.6693236939537812
1661425899159;0.4559;0.1865;0.3141;-0.03788207185990283;-0.7371009500069903;-0.08516414059014868;0.6693236939537812
1661425899183;0.4559;0.1865;0.3141;-0.03788207185990283;-0.7371009500069903;-0.08516414059014868;0.6693236939537812
1661425899199;0.4559;0.1865;0.3141;-0.03788207185990283;-0.7371009500069903;-0.08516414059014868;0.6693236939537812
1661425899215;0.4559;0.1865;0.3141;-0.03788207185990283;-0.7371009500069903;-0.08516414059014868;0.6693236939537812
1661425899223;0.4559;0.1865;0.3141;-0.03788207185990283;-0.7371009500069903;-0.08516414059014868;0.6693236939537812
1661425899247;0.4559;0.1865;0.3141;-0.03788207185990283;-0.7371009500069903;-0.08516414059014868;0.6693236939537812
1661425899263;0.4559;0.1865;0.3141;-0.03788207185990283;-0.7371009500069903;-0.08516414059014868;0.6693236939537812
1661425899279;0.4559;0.1865;0.3141;-0.03788207185990283;-0.7371009500069903;-0.08516414059014868;0.6693236939537812
1661425899295;0.4559;0.1865;0.3141;-0.03788207185990283;-0.7371009500069903;-0.08516414059014868;0.6693236939537812
1661425899311;0.4559;0.1865;0.3141;-0.03788207185990283;-0.7371009500069903;-0.08516414059014868;0.6693236939537812
1661425899327;0.4559;0.1865;0.3141;-0.03788207185990283;-0.7371009500069903;-0.08516414059014868;0.6693236939537812
1661425899343;0.4559;0.1865;0.3141;-0.03788207185990283;-0.7371009500069903;-0.08516414059014868;0.6693236939537812
1661425899359;0.4559;0.1865;0.3141;-0.03788207185990283;-0.7371009500069903;-0.08516414059014868;0.6693236939537812
1661425899391;0.4559;0.1865;0.3141;-0.03788207185990283;-0.7371009500069903;-0.08516414059014868;0.6693236939537812
1661425899407;0.4559;0.1865;0.3141;-0.03788207185990283;-0.7371009500069903;-0.08516414059014868;0.6693236939537812
1661425899423;0.4559;0.1865;0.3141;-0.03788207185990283;-0.7371009500069903;-0.08516414059014868;0.6693236939537812
1661425899431;0.4559;0.1865;0.3141;-0.03788207185990283;-0.7371009500069903;-0.08516414059014868;0.6693236939537812
1661425899447;0.4559;0.1865;0.3141;-0.03788207185990283;-0.7371009500069903;-0.08516414059014868;0.6693236939537812
1661425899463;0.4559;0.1865;0.3141;-0.03788207185990283;-0.7371009500069903;-0.08516414059014868;0.6693236939537812
1661425899479;0.4559;0.1865;0.3141;-0.03788207185990283;-0.7371009500069903;-0.08516414059014868;0.6693236939537812
1661425899503;0.4559;0.1865;0.3141;-0.03788207185990283;-0.7371009500069903;-0.08516414059014868;0.6693236939537812
1661425899519;0.4559;0.1865;0.3141;-0.03788207185990283;-0.7371009500069903;-0.08516414059014868;0.6693236939537812
1661425899527;0.4559;0.1865;0.3141;-0.03788207185990283;-0.7371009500069903;-0.08516414059014868;0.6693236939537812
1661425899535;0.4559;0.1865;0.3141;-0.03788207185990283;-0.7371009500069903;-0.08516414059014868;0.6693236939537812
1661425899551;0.4559;0.1865;0.3141;-0.03788207185990283;-0.7371009500069903;-0.08516414059014868;0.6693236939537812
1661425899567;0.4559;0.1865;0.3141;-0.03788207185990283;-0.7371009500069903;-0.08516414059014868;0.6693236939537812
1661425899583;0.4559;0.1865;0.3141;-0.03788207185990283;-0.7371009500069903;-0.08516414059014868;0.6693236939537812
1661425899599;0.4559;0.1865;0.3141;-0.03788207185990283;-0.7371009500069903;-0.08516414059014868;0.6693236939537812
1661425899615;0.4559;0.1865;0.3141;-0.03788207185990283;-0.7371009500069903;-0.08516414059014868;0.6693236939537812
1661425899639;0.4559;0.1865;0.3141;-0.03788207185990283;-0.7371009500069903;-0.08516414059014868;0.6693236939537812
1661425899655;0.4559;0.1865;0.3141;-0.03788207185990283;-0.7371009500069903;-0.08516414059014868;0.6693236939537812
1661425899679;0.4559;0.1865;0.3141;-0.03788207185990283;-0.7371009500069903;-0.08516414059014868;0.6693236939537812
1661425899695;0.4559;0.1865;0.3141;-0.03788207185990283;-0.7371009500069903;-0.08516414059014868;0.6693236939537812
1661425899711;0.4559;0.1865;0.3141;-0.03788207185990283;-0.7371009500069903;-0.08516414059014868;0.6693236939537812
1661425899735;0.4559;0.1865;0.3141;-0.03788207185990283;-0.7371009500069903;-0.08516414059014868;0.6693236939537812
1661425899767;0.4559;0.1865;0.3141;-0.03788207185990283;-0.7371009500069903;-0.08516414059014868;0.6693236939537812
1661425899791;0.4559;0.1865;0.3141;-0.03788207185990283;-0.7371009500069903;-0.08516414059014868;0.6693236939537812
1661425899815;0.4559;0.1865;0.3141;-0.03788207185990283;-0.7371009500069903;-0.08516414059014868;0.6693236939537812
1661425899839;0.4559;0.1865;0.3141;-0.03788207185990283;-0.7371009500069903;-0.08516414059014868;0.6693236939537812
1661425899855;0.4559;0.1865;0.3141;-0.03788207185990283;-0.7371009500069903;-0.08516414059014868;0.6693236939537812
1661425899888;0.4567;0.1864;0.3143;-0.03794125465102438;-0.7371421597595479;-0.08510495779902719;0.6692824842012235
1661425899911;0.4583;0.1862;0.3149;-0.03800050927655535;-0.7371832661559353;-0.08504570317349597;0.6692413778048362
1661425899935;0.4613;0.1857;0.316;-0.037706879487576006;-0.7376951294593121;-0.08533300070844968;0.6686571365067525
1661425899959;0.4662;0.1848;0.3178;-0.037537620893504625;-0.7382914636493483;-0.08549583334827435;0.6679873533235811
1661425899983;0.4734;0.1836;0.3203;-0.03702660622809828;-0.7393627152289497;-0.08599371502416966;0.6667659909869774
1661425900015;0.4874;0.1812;0.3251;-0.036447371565680814;-0.7410866747670914;-0.08655254757532244;0.6648088342499895
1661425900039;0.5013;0.1786;0.3296;-0.036151944973691424;-0.7432252109722242;-0.08804600388228803;0.6622365316488303
1661425900063;0.5182;0.1754;0.3349;-0.03533047148657631;-0.7454569225604103;-0.0888371654836135;0.6596618015469258
1661425900087;0.5383;0.1713;0.3407;-0.03432036913087308;-0.7482331532507982;-0.08980725045036111;0.6564327219187311
1661425900111;0.5616;0.1663;0.3469;-0.03347399864097664;-0.7510805649369233;-0.09061124034035115;0.6531057184813185
1661425900143;0.598;0.158;0.3556;-0.03177794551802213;-0.7560405261117585;-0.09222505569610559;0.6472151297344332
1661425900167;0.6294;0.1502;0.3621;-0.03067480330836886;-0.7599641265406512;-0.09325894666215238;0.6425078611820745
1661425900191;0.6645;0.1409;0.3684;-0.03009490458144795;-0.7643710186634376;-0.09497704131181306;0.6370326554968014
1661425900215;0.7033;0.1298;0.3741;-0.028461837821485647;-0.7689096007752874;-0.09529626200811124;0.6315746765590694
1661425900247;0.7607;0.1119;0.3803;-0.027695707450043988;-0.775538770995212;-0.09713546798804343;0.6231671231145153
1661425900279;0.8227;0.0905;0.3841;-0.025820199931551685;-0.7827804224451806;-0.09761516008294224;0.6140516330358717
1661425900303;0.8707;0.0726;0.3851;-0.024771430145298395;-0.7881740186076468;-0.09851837480790361;0.6070108915543766
1661425900327;0.9196;0.0533;0.3843;-0.023401142707988376;-0.7933591151251421;-0.09973371818793823;0.6000724009852653
1661425900351;0.969;0.0326;0.3816;-0.021385396820114227;-0.7987849747650205;-0.1015681954265721;0.5925952502090119
1661425900375;1.0182;0.0109;0.3771;-0.018159560083429865;-0.8039548703032089;-0.10338908090472458;0.5853524535209563
1661425900407;1.0828;-0.0191;0.3683;-0.01277040052481794;-0.8103842750820165;-0.10729048213816475;0.5758498033452737
1661425900431;1.1305;-0.0423;0.3596;-0.007775416753463993;-0.8148868679050938;-0.11205040154798723;0.5686331356182747
1661425900455;1.1778;-0.066;0.3492;-0.0011733627515931044;-0.8188635645742642;-0.11719935746832877;0.5618944709121046
1661425900479;1.2247;-0.0903;0.3371;0.006954337735921329;-0.8230259451672829;-0.12382210065225795;0.5542995743803322
1661425900503;1.271;-0.115;0.3234;0.016056489449047945;-0.8271573081372982;-0.13256006831428438;0.545876181043049
1661425900535;1.3306;-0.1477;0.3034;0.030042962999054623;-0.8318236841961285;-0.14481600818356097;0.5349720577360987
1661425900559;1.3732;-0.1717;0.2875;0.04190825499874942;-0.8349323735349372;-0.1550263701022742;0.5264014194122094
1661425900583;1.4136;-0.1946;0.2713;0.05326992440759701;-0.8374622737228511;-0.16589799707375302;0.5179740435692493
1661425900607;1.4512;-0.216;0.2554;0.06544694087260519;-0.8395069519688952;-0.1775276011053341;0.5093414634330277
1661425900631;1.4855;-0.2352;0.2404;0.07783429676415063;-0.840821843646045;-0.18819654122931534;0.5015401393350475
1661425900663;1.5254;-0.257;0.2226;0.09384457071596239;-0.8421001113204905;-0.202279409635783;0.4910637835338232
1661425900687;1.551;-0.2704;0.2112;0.10535672646468872;-0.8425529301640029;-0.21206992396113772;0.48376736910607654
1661425900711;1.5732;-0.2814;0.2015;0.11564343319729942;-0.8425856298051431;-0.22069267814945437;0.47746287249945796
1661425900751;1.6028;-0.2955;0.1889;0.13104408230174522;-0.8421093022398215;-0.2330308851788463;0.4683758940505136
1661425900783;1.6203;-0.3032;0.1802;0.1394636402481549;-0.8414805860315099;-0.2409846316736568;0.46301913964534125
1661425900807;1.6302;-0.3069;0.1715;0.14449160414635784;-0.8411710430821114;-0.24462080240402848;0.46012402202294755
1661425900831;1.6378;-0.3085;0.159;0.14762105116234614;-0.8409386049855624;-0.24756698708028618;0.4579747534598928
1661425900855;1.6436;-0.3081;0.1414;0.15033480168992513;-0.8405123838443906;-0.25013275753227115;0.45647780188566933
1661425900879;1.6478;-0.3058;0.1188;0.15186283156671843;-0.840111063303807;-0.25158634125552215;0.45591160831541166
1661425900911;1.6515;-0.301;0.0846;0.1526605680678697;-0.8398326493941373;-0.25343943512062156;0.4551311071488736
1661425900935;1.6532;-0.2971;0.0603;0.1522633331720495;-0.8396111620077983;-0.25417223076990636;0.45526415530843367
1661425900959;1.6541;-0.2937;0.0407;0.1522633331720495;-0.8396111620077983;-0.25417223076990636;0.45526415530843367
1661425900983;1.6547;-0.2913;0.0271;0.1518659823210774;-0.8393890352210353;-0.2549048328559806;0.455396856764535
1661425901007;1.655;-0.2899;0.0191;0.15153057632679404;-0.8397437171154171;-0.25456942686169726;0.4550421748701533
1661425901039;1.6552;-0.2893;0.0147;0.15137793602898034;-0.841100164730967;-0.25433917973847414;0.45271052011534496
1661425901063;1.6552;-0.2893;0.0134;0.15013305729889345;-0.8429420278452542;-0.2541445495762208;0.4497992337909411
1661425901088;1.6552;-0.2894;0.012;0.14939785155339377;-0.846008462303695;-0.2532508437574561;0.44476282870525985
1661425901111;1.6553;-0.2895;0.0101;0.1475476498245688;-0.8500561887827843;-0.25232494030588604;0.4381395798635006
1661425901135;1.6553;-0.2897;0.0075;0.1449301113309206;-0.8557364444110841;-0.2516210770292325;0.4282490328429613
1661425901167;1.6554;-0.2899;0.003;0.14128034252317573;-0.8646088358404757;-0.2496458440500268;0.4125147007703618
1661425901191;1.6554;-0.2902;-0.0009;0.13745975715100478;-0.872587659326589;-0.24750798937313045;0.3980394291416387
1661425901207;1.6554;-0.2904;-0.0039;0.1349839609150263;-0.8781745566367902;-0.24677602308498064;0.386898401136304
1661425901231;1.6555;-0.2907;-0.0084;0.13054269252036294;-0.8866537277662494;-0.24489835476184776;0.36990345808425174
1661425901255;1.6556;-0.291;-0.013;0.12706236788763461;-0.8947578388639466;-0.24277582249448043;0.3525953267847377
1661425901279;1.6556;-0.2912;-0.0174;0.1234769907734757;-0.9024236982039484;-0.24049347761044082;0.33548142854153984
1661425901311;1.6557;-0.2916;-0.0227;0.11814605850043977;-0.9109537437703452;-0.2383762306063685;0.31524840721802644
1661425901343;1.6557;-0.2919;-0.0269;0.11499186449250066;-0.917382482543237;-0.23638733024624953;0.2988432397133931
1661425901367;1.6558;-0.292;-0.0296;0.11302600659700736;-0.9209448178474151;-0.2359119539586138;0.2888447927385112
1661425901391;1.6561;-0.2922;-0.0323;0.1125322081936744;-0.9236592296976615;-0.2349057778886839;0.28108611674696865
1661425901423;1.6568;-0.2924;-0.0358;0.11304200195819969;-0.9263848127121374;-0.23378564735702284;0.2727213883424589
1661425901447;1.6576;-0.2925;-0.0387;0.11464811844339151;-0.9278800167794607;-0.23389411890356265;0.2668108403739696
1661425901471;1.6585;-0.2927;-0.0418;0.11676405867770048;-0.9291099433040635;-0.2335413052040904;0.26187654843112707
1661425901495;1.6597;-0.2929;-0.0453;0.11967171401623981;-0.9302119000389866;-0.23295424749636182;0.2571319125734448
1661425901519;1.661;-0.293;-0.0493;0.1236450447783762;-0.9313044887329759;-0.2323555281956804;0.25178316203525214
1661425901551;1.6629;-0.2933;-0.0549;0.12895045228368723;-0.932481628345812;-0.2319694210054621;0.24503057232061115
1661425901575;1.6641;-0.2935;-0.0586;0.13261264899340433;-0.9333593270851676;-0.23117916672831224;0.24043802681955026
1661425901599;1.6652;-0.2936;-0.0616;0.13625755694442726;-0.9342030893209893;-0.23039622767346024;0.23583054160242906
1661425901623;1.6663;-0.2934;-0.0641;0.13886728178974228;-0.9349337582100127;-0.2306384197255969;0.2311291092746854
1661425901647;1.6676;-0.2928;-0.066;0.1404887266188133;-0.9363864011563464;-0.22985035766077047;0.22497163933639774
1661425901679;1.6697;-0.2911;-0.0676;0.1434817936066591;-0.9385934903590408;-0.22822120196609072;0.2153376830287763
1661425901703;1.6716;-0.2892;-0.0681;0.14455689166083854;-0.9407774144609273;-0.2277205225990482;0.205388717072739
1661425901727;1.6739;-0.2867;-0.0681;0.1453090427309751;-0.943494692824561;-0.22585805348192475;0.19414218086199295
1661425901751;1.6767;-0.2837;-0.0681;0.1468848804711131;-0.9464183924889065;-0.22463626887638807;0.17959845476227226
1661425901775;1.6799;-0.2801;-0.068;0.14842974653500518;-0.9498886736458193;-0.22228640805793187;0.16207674359895977
1661425901807;1.6848;-0.2746;-0.0679;0.1513395639883522;-0.9544440635010213;-0.21805403677618823;0.1363279247442825
1661425901831;1.6886;-0.2705;-0.0678;0.15457155799544392;-0.9573487580501526;-0.2146006887221304;0.11635090596415137
1661425901855;1.6922;-0.2665;-0.0677;0.15694773454173394;-0.9597053275962939;-0.21145804128574672;0.09807440839027765
1661425901887;1.6962;-0.2621;-0.0676;0.15993521354818943;-0.9621572913972758;-0.20708215506084293;0.07609898247486477
1661425901911;1.6989;-0.2594;-0.0675;0.16127210854346016;-0.9634638137163936;-0.20430067245983544;0.06316662012066064
1661425901943;1.7026;-0.2566;-0.0674;0.16258456668181628;-0.965153634719851;-0.19891364608001158;0.04978033213129732
1661425901967;1.7057;-0.2552;-0.0674;0.162786517949918;-0.9666308816623652;-0.19356393573610728;0.04072211896166395
1661425901991;1.7088;-0.2543;-0.0673;0.16149222013487124;-0.9680796599243355;-0.18861224608465285;0.03416804799217697
1661425902015;1.7122;-0.2538;-0.0672;0.15969254582705528;-0.9698763794499946;-0.18150743086161636;0.029885647629914445
1661425902039;1.7154;-0.2536;-0.0672;0.1576359306785242;-0.9713311251677034;-0.1759288511415987;0.026754401050219388
1661425902071;1.7193;-0.2536;-0.0671;0.15558684358640998;-0.9730416136315371;-0.16863066819615305;0.02337626975955745
1661425902103;1.7221;-0.2535;-0.0671;0.1534580852541778;-0.9744061567198978;-0.16300685626091915;0.02029834053343975
1661425902128;1.7234;-0.2535;-0.0671;0.15279853577576924;-0.9749366370849174;-0.16060431367629927;0.018905437389755104
1661425902151;1.7244;-0.2534;-0.0671;0.15128125605738799;-0.9755923571308552;-0.15821360823161276;0.01737781470422412
1661425902175;1.725;-0.2532;-0.0671;0.14999927354435086;-0.9759091707385257;-0.157777421701595;0.01441504789472286
1661425902207;1.726;-0.253;-0.0672;0.1471589673407076;-0.9767181765755827;-0.1557705283952023;0.010068980165085242
1661425902231;1.7271;-0.2527;-0.0672;0.1435711667686363;-0.97759517437891;-0.15385859814891975;0.004746248983199527
1661425902255;1.7284;-0.2523;-0.0673;0.13909862887127175;-0.9785589460200154;-0.15189956145079755;-0.0006955870788193097
1661425902279;1.7299;-0.2519;-0.0674;0.13483661102001412;-0.9795304647389617;-0.14925137099152325;-0.00794891401776772
1661425902303;1.7317;-0.2514;-0.0675;0.12892898103396924;-0.9806219286461145;-0.14660321849415672;-0.016292551521225846
1661425902335;1.7342;-0.2508;-0.0676;0.12154651544689023;-0.9819334824157853;-0.14236922834517546;-0.02764206059480196
1661425902359;1.7358;-0.2503;-0.0677;0.11723225639574952;-0.9824901309061994;-0.1403746686221833;-0.03556252439707715
1661425902383;1.7373;-0.2499;-0.0678;0.11265319585961946;-0.9831011186772604;-0.13812549504828225;-0.0417468027015293
1661425902411;1.7386;-0.2496;-0.0679;0.10900619878281995;-0.9835000025151398;-0.135935345634932;-0.048651572294757375
1661425902447;1.7403;-0.2492;-0.0679;0.1051584203518846;-0.983867152733686;-0.13438922979191031;-0.05372771460562292
1661425902471;1.7423;-0.2489;-0.0679;0.1028508164309468;-0.9840472012602702;-0.13361244214055076;-0.05674971855925656
1661425902495;1.7454;-0.2484;-0.0679;0.10022437062905647;-0.9844291854726543;-0.13260438808622135;-0.05718680426404713
1661425902519;1.7496;-0.2479;-0.0678;0.09845592150198247;-0.9847178674971648;-0.13164509815285447;-0.05750409624849986
1661425902543;1.755;-0.2473;-0.0678;0.09577344614329869;-0.9850416980092843;-0.1314256875935205;-0.05698762003622328
1661425902575;1.7642;-0.2462;-0.0676;0.09207675684040338;-0.9856199525944745;-0.1302347800378574;-0.055803960127486105
1661425902603;1.7733;-0.2451;-0.0675;0.08751923234581173;-0.9862571762560017;-0.1290053139398231;-0.05472472227819044
1661425902631;1.7811;-0.2441;-0.0674;0.08386844796764222;-0.9866847231096122;-0.1286948987543624;-0.05345057204755685
1661425902655;1.7857;-0.2436;-0.0672;0.08127323110684352;-0.986737764269958;-0.13021971241259597;-0.05278326409155984
1661425902679;1.7875;-0.2434;-0.0669;0.07890168823732178;-0.9861961608214085;-0.13605298609723793;-0.051780700540257935
1661425902711;1.7851;-0.2438;-0.0661;0.07442739255501687;-0.9844027965732135;-0.15121084306592292;-0.05046759629297369
1661425902735;1.7797;-0.2446;-0.0653;0.07082995603885697;-0.9821403720250652;-0.16725040544618525;-0.049098969888245844
1661425902759;1.772;-0.2456;-0.0643;0.06745654367584249;-0.9786228948640279;-0.1883870380751996;-0.047509664790571
1661425902783;1.7639;-0.2467;-0.0633;0.06297996180352161;-0.9749264240154881;-0.2085280570629229;-0.04547572522964411
1661425902807;1.7569;-0.2477;-0.0625;0.060259077375776314;-0.9710185774845331;-0.2270195795300054;-0.04420267281232552
1661425902839;1.7502;-0.2486;-0.0617;0.057228977162663404;-0.9672293216607789;-0.2437263701474424;-0.04230531866440528
1661425902863;1.7473;-0.249;-0.0613;0.055659426230201176;-0.9654397857930045;-0.25121699726325664;-0.041449590657997214
1661425902887;1.746;-0.2492;-0.0611;0.05558556742324994;-0.9646118537734142;-0.2545605342316242;-0.04041225885499328
1661425902911;1.7457;-0.2492;-0.0611;0.05477920306693259;-0.9644375116285157;-0.2553668985879416;-0.04058660099989169
1661425902935;1.7457;-0.2492;-0.0611;0.05477920306693259;-0.9644375116285157;-0.2553668985879416;-0.04058660099989169
1661425902975;1.7458;-0.2492;-0.0611;0.05477920306693259;-0.9644375116285157;-0.2553668985879416;-0.04058660099989169
1661425902999;1.7466;-0.2491;-0.0611;0.05477920306693259;-0.9644375116285157;-0.2553668985879416;-0.04058660099989169
1661425903023;1.749;-0.2488;-0.0609;0.05477920306693259;-0.9644375116285157;-0.2553668985879416;-0.04058660099989169
1661425903047;1.7532;-0.2484;-0.0607;0.05477920306693259;-0.9644375116285157;-0.2553668985879416;-0.04058660099989169
1661425903071;1.7594;-0.2477;-0.0603;0.05477920306693259;-0.9644375116285157;-0.2553668985879416;-0.04058660099989169
1661425903103;1.7705;-0.2464;-0.0596;0.05477920306693259;-0.9644375116285157;-0.2553668985879416;-0.04058660099989169
1661425903128;1.7808;-0.2452;-0.059;0.05477920306693259;-0.9644375116285157;-0.2553668985879416;-0.04058660099989169
1661425903151;1.7919;-0.244;-0.0584;0.0539375518149997;-0.9644849482646455;-0.255331382864954;-0.040809435176423915
1661425903179;1.8035;-0.2426;-0.0577;0.0539375518149997;-0.9644849482646455;-0.255331382864954;-0.040809435176423915
1661425903215;1.8145;-0.2414;-0.057;0.0539375518149997;-0.9644849482646455;-0.255331382864954;-0.040809435176423915
1661425903239;1.8182;-0.2411;-0.0567;0.0539375518149997;-0.9644849482646455;-0.255331382864954;-0.040809435176423915
1661425903263;1.8181;-0.2414;-0.0565;0.0539375518149997;-0.9644849482646455;-0.255331382864954;-0.040809435176423915
1661425903287;1.8135;-0.2424;-0.0564;0.0539375518149997;-0.9644849482646455;-0.255331382864954;-0.040809435176423915
1661425903311;1.8053;-0.244;-0.0564;0.0539375518149997;-0.9644849482646455;-0.255331382864954;-0.040809435176423915
1661425903347;1.7876;-0.2475;-0.0564;0.0539375518149997;-0.9644849482646455;-0.255331382864954;-0.040809435176423915
1661425903375;1.7709;-0.2507;-0.0563;0.0539375518149997;-0.9644849482646455;-0.255331382864954;-0.040809435176423915
1661425903399;1.7562;-0.2537;-0.0553;0.0539375518149997;-0.9644849482646455;-0.255331382864954;-0.040809435176423915
1661425903423;1.7429;-0.2566;-0.0528;0.0539375518149997;-0.9644849482646455;-0.255331382864954;-0.040809435176423915
1661425903447;1.7314;-0.2594;-0.0479;0.0539375518149997;-0.9644849482646455;-0.255331382864954;-0.040809435176423915
1661425903479;1.7192;-0.2632;-0.0368;0.0539375518149997;-0.9644849482646455;-0.255331382864954;-0.040809435176423915
1661425903504;1.7122;-0.2661;-0.0249;0.0539375518149997;-0.9644849482646455;-0.255331382864954;-0.040809435176423915
1661425903527;1.7067;-0.269;-0.01;0.0539375518149997;-0.9644849482646455;-0.255331382864954;-0.040809435176423915
1661425903551;1.7022;-0.2722;0.0075;0.0539375518149997;-0.9644849482646455;-0.255331382864954;-0.040809435176423915
1661425903575;1.6978;-0.2754;0.0264;0.0539375518149997;-0.9644849482646455;-0.255331382864954;-0.040809435176423915
1661425903607;1.6923;-0.2795;0.0508;0.0539375518149997;-0.9644849482646455;-0.255331382864954;-0.040809435176423915
1661425903633;1.6887;-0.2823;0.0667;0.0539375518149997;-0.9644849482646455;-0.255331382864954;-0.040809435176423915
1661425903655;1.6858;-0.2843;0.0796;0.0539375518149997;-0.9644849482646455;-0.255331382864954;-0.040809435176423915
1661425903679;1.6834;-0.285;0.0899;0.05477920306693259;-0.9644375116285157;-0.2553668985879416;-0.04058660099989169
1661425903703;1.6814;-0.2836;0.0978;0.056277716339736834;-0.9641715183663874;-0.2562530142057485;-0.03924913406825266
1661425903735;1.6791;-0.277;0.1055;0.06201124064213028;-0.9634156492699488;-0.25813873910268953;-0.0367326033689479
1661425903759;1.677;-0.2678;0.1105;0.06919244036738725;-0.9625578556641834;-0.26002378328108583;-0.032900042908266425
1661425903783;1.6738;-0.2543;0.116;0.07931395074638148;-0.9610210373545002;-0.26354459337433694;-0.026307988943209053
1661425903807;1.669;-0.2366;0.1224;0.09250522970721715;-0.9590938988465573;-0.26694967191881624;-0.0178759149293518
1661425903831;1.662;-0.2159;0.1297;0.10768255461795366;-0.956316113890127;-0.2716944492611001;-0.0067885186708624146
1661425903863;1.649;-0.1858;0.1398;0.13041526026578423;-0.9513770089880449;-0.27877653039782535;0.012541640965982204
1661425903887;1.6365;-0.1628;0.1471;0.14786770917438055;-0.9472733126334489;-0.2826483408472401;0.030303913481190037
1661425903911;1.6219;-0.1408;0.1539;0.16446042008577555;-0.9423157182032431;-0.28719587689279025;0.050123704453058554
1661425903935;1.6057;-0.1205;0.1601;0.17914330448823318;-0.937430988257239;-0.28970675525206374;0.07211667403182903
1661425903959;1.5883;-0.1026;0.1657;0.1920049195129854;-0.9320894149725475;-0.29187269242067093;0.09567530923939939
1661425903991;1.5638;-0.0822;0.1725;0.20723262325278397;-0.9244923405606277;-0.2929001108097714;0.1287558821651486
1661425904015;1.5446;-0.0698;0.1771;0.21569018042149363;-0.918813841443404;-0.29257684682356205;0.15381046630363185
1661425904039;1.5251;-0.0597;0.1816;0.2217732227398771;-0.9127221884052397;-0.29154214864423794;0.1809917678576016
1661425904063;1.5055;-0.0519;0.1861;0.2255124664918584;-0.906897929322969;-0.2888207977956238;0.20799716345943084
1661425904087;1.4859;-0.0465;0.1906;0.2277552167720231;-0.9011459696717322;-0.2843162097595192;0.23500594768112448
1661425904119;1.4603;-0.0426;0.1969;0.22629455904838428;-0.893398688220457;-0.2771630092368813;0.27168036870893086
1661425904143;1.4417;-0.0421;0.202;0.2222825577150231;-0.8876410674782488;-0.2709704708924716;0.29876211902792305
1661425904167;1.4238;-0.0436;0.2074;0.21677180300545934;-0.8819845400673719;-0.26212942180375964;0.32619230942610433
1661425904191;1.4068;-0.0468;0.2134;0.20731579695438804;-0.8764869114662639;-0.25346997622762885;0.3529076727880282
1661425904215;1.3907;-0.0517;0.2198;0.19683628956712534;-0.8714229293763806;-0.24265596227751762;0.37814763947128743
1661425904247;1.3711;-0.0605;0.2293;0.17802250298278557;-0.8645394856153955;-0.2270429356719556;0.4114984466617971
1661425904271;1.3578;-0.0686;0.2371;0.16159020301501956;-0.8599698599142828;-0.2135784529685869;0.4344245512814843
1661425904295;1.3457;-0.0779;0.2455;0.1426361538271114;-0.855501645057428;-0.19989176564023162;0.4558674642422663
1661425904319;1.3351;-0.0882;0.2545;0.12118584633620369;-0.85148594707349;-0.18492495531706954;0.4754875744802585
1661425904343;1.3259;-0.0992;0.2639;0.09915597916540658;-0.8477831232809775;-0.16940665710542374;0.49267966489806103
1661425904375;1.3164;-0.1141;0.2766;0.06734930673005601;-0.8432916627004365;-0.149053204838432;0.511963264922696
1661425904399;1.3112;-0.1247;0.2858;0.04500604603380856;-0.8405550734376747;-0.13436923892642738;0.5228637795534522
1661425904423;1.307;-0.134;0.2942;0.025248275786340396;-0.838567816565348;-0.12098927436849358;0.530592251242352
1661425904447;1.3032;-0.1411;0.3017;0.007561211192720976;-0.836719503303397;-0.11079555789197094;0.5362533405289174
1661425904471;1.2988;-0.1452;0.3079;-0.006238210521284357;-0.8348316106428977;-0.10322674033570904;0.5407046390410774
1661425904504;1.2906;-0.1454;0.3149;-0.01750528446517105;-0.8333136176112141;-0.09693677493008968;0.5439533448611727
1661425904527;1.2815;-0.1416;0.3197;-0.02165332170210392;-0.8322098000480861;-0.09407752748738976;0.5459921255705519
1661425904551;1.2692;-0.1346;0.3245;-0.023996901427683584;-0.8306027036531508;-0.0930230316628072;0.5485161920911785
1661425904575;1.2534;-0.1245;0.3296;-0.024216543621828845;-0.8291591167636174;-0.09286726885044463;0.5507126187759357
1661425904599;1.234;-0.1121;0.3353;-0.024604294061978282;-0.8270460120934768;-0.09376842615794358;0.5537120233928918
1661425904631;1.2024;-0.0924;0.3437;-0.023932842075909552;-0.8238313622539691;-0.09456435429528622;0.5583786247105583
1661425904655;1.1744;-0.0755;0.3506;-0.02429274122623168;-0.820638808851145;-0.09553307707521949;0.5628811946722233
1661425904679;1.1427;-0.0572;0.3575;-0.024010351887262;-0.8174511075206905;-0.09593464277126393;0.5674449172666863
1661425904703;1.1074;-0.0376;0.3643;-0.02427741898946216;-0.8136288477625768;-0.0970123213710677;0.5727192283466208
1661425904727;1.0695;-0.0176;0.3705;-0.023950945346273844;-0.8098083147659372;-0.09747051078032723;0.5780452794385528
1661425904759;1.0158;0.0092;0.3773;-0.0237736401481196;-0.8043495105696783;-0.0978281204441515;0.5855649731078452
1661425904783;0.9739;0.0288;0.3812;-0.024461479992077304;-0.7999289598420886;-0.09849211225460876;0.5914512651319439
1661425904807;0.9312;0.0476;0.3837;-0.024649104535669666;-0.7949716890117564;-0.0984536418950733;0.5980964100485654
1661425904831;0.8882;0.0654;0.385;-0.024956666988669773;-0.790548104645315;-0.09827228637636978;0.6039481904475561
1661425904847;0.8596;0.0766;0.385;-0.025934215494819945;-0.78718844637234;-0.09860322826419032;0.6082262488091498
1661425904879;0.803;0.0975;0.3832;-0.026915261676148036;-0.780573305208814;-0.09779515665958498;0.6167795321005874
1661425904903;0.7618;0.1115;0.3804;-0.027569104189013927;-0.7760841830731019;-0.09724903391666948;0.622475630591468
1661425904927;0.7226;0.124;0.3765;-0.028657170454492786;-0.771119374404517;-0.09627488050670698;0.6287168077783096
1661425904951;0.6858;0.1349;0.3717;-0.029370582508141896;-0.7671388217566129;-0.09564473980395437;0.6336303976174457
1661425904975;0.6518;0.1443;0.3663;-0.03051529253243504;-0.7626915942035408;-0.09458948460564347;0.6390799468415201
1661425905007;0.6111;0.1548;0.3584;-0.03192117963756988;-0.7576759609476095;-0.09327694563945278;0.6451415254847863
1661425905031;0.5838;0.1613;0.3524;-0.03288619936485976;-0.7543018708767278;-0.09236986789057597;0.649164842693349
1661425905055;0.5595;0.1668;0.3464;-0.03338854301413155;-0.7510306287004863;-0.09069669596719598;0.6531556547177554
1661425905079;0.5379;0.1714;0.3405;-0.03432036913087308;-0.7482331532507982;-0.08980725045036111;0.6564327219187311
1661425905103;0.519;0.1752;0.3351;-0.034754794587464805;-0.7455341637534245;-0.08818659785297572;0.6596923820151196
1661425905135;0.498;0.1792;0.3286;-0.03576988875529946;-0.7427351096165541;-0.08720878524676509;0.6629175663512791
1661425905151;0.4893;0.1808;0.3257;-0.03617331123500142;-0.7416056536342803;-0.08681961985569198;0.6642099816022644
1661425905175;0.4784;0.1827;0.3221;-0.03687193527777821;-0.739964454315666;-0.08614167894922684;0.6660875902507104
1661425905199;0.47;0.1842;0.3192;-0.03731189496289419;-0.738847721479088;-0.08571503962931054;0.6673565755582123
1661425905223;0.464;0.1852;0.317;-0.03747630553676726;-0.7382495586954326;-0.0855571487050116;0.6680292582774967
1661425905247;0.46;0.1859;0.3156;-0.03706310476732058;-0.7377277540215553;-0.08474945486016547;0.6687313489827008
1661425905271;0.4575;0.1863;0.3147;-0.03794125465102438;-0.7371421597595479;-0.08510495779902719;0.6692824842012235
1661425905295;0.4563;0.1865;0.3142;-0.03729796239856051;-0.7371749890632348;-0.08452086631883263;0.6693564974341023
1661425905319;0.4559;0.1865;0.3141;-0.03788207185990283;-0.7371009500069903;-0.08516414059014868;0.6693236939537812
1661425905343;0.4559;0.1865;0.3141;-0.03788207185990283;-0.7371009500069903;-0.08516414059014868;0.6693236939537812
1661425905367;0.4559;0.1865;0.3141;-0.03788207185990283;-0.7371009500069903;-0.08516414059014868;0.6693236939537812
1661425905400;0.4559;0.1865;0.3141;-0.03788207185990283;-0.7371009500069903;-0.08516414059014868;0.6693236939537812
1661425905423;0.4559;0.1865;0.3141;-0.03788207185990283;-0.7371009500069903;-0.08516414059014868;0.6693236939537812
1661425905447;0.4559;0.1865;0.3141;-0.03788207185990283;-0.7371009500069903;-0.08516414059014868;0.6693236939537812
1661425905471;0.4559;0.1865;0.3141;-0.03788207185990283;-0.7371009500069903;-0.08516414059014868;0.6693236939537812
1661425905495;0.4559;0.1865;0.3141;-0.03788207185990283;-0.7371009500069903;-0.08516414059014868;0.6693236939537812
1661425905527;0.4559;0.1865;0.3141;-0.03788207185990283;-0.7371009500069903;-0.08516414059014868;0.6693236939537812
1661425905551;0.4559;0.1865;0.3141;-0.03788207185990283;-0.7371009500069903;-0.08516414059014868;0.6693236939537812
1661425905576;0.4559;0.1865;0.3141;-0.03788207185990283;-0.7371009500069903;-0.08516414059014868;0.6693236939537812
1661425905599;0.4559;0.1865;0.3141;-0.03788207185990283;-0.7371009500069903;-0.08516414059014868;0.6693236939537812
1661425905623;0.4559;0.1865;0.3141;-0.03788207185990283;-0.7371009500069903;-0.08516414059014868;0.6693236939537812
1661425905655;0.4559;0.1865;0.3141;-0.03788207185990283;-0.7371009500069903;-0.08516414059014868;0.6693236939537812
