1661426290403;0.4559;0.1866;0.3141;-0.03788207185990283;-0.7371009500069903;-0.08516414059014868;0.6693236939537812
1661426290440;0.4559;0.1866;0.3141;-0.03788207185990283;-0.7371009500069903;-0.08516414059014868;0.6693236939537812
1661426290460;0.4559;0.1866;0.3141;-0.03788207185990283;-0.7371009500069903;-0.08516414059014868;0.6693236939537812
1661426290475;0.4559;0.1866;0.3141;-0.03788207185990283;-0.7371009500069903;-0.08516414059014868;0.6693236939537812
1661426290491;0.4559;0.1866;0.3141;-0.03788207185990283;-0.7371009500069903;-0.08516414059014868;0.6693236939537812
1661426290515;0.4559;0.1866;0.3141;-0.03788207185990283;-0.7371009500069903;-0.08516414059014868;0.6693236939537812
1661426290531;0.4559;0.1866;0.3141;-0.03788207185990283;-0.7371009500069903;-0.08516414059014868;0.6693236939537812
1661426290555;0.4559;0.1866;0.3141;-0.03788207185990283;-0.7371009500069903;-0.08516414059014868;0.6693236939537812
1661426290579;0.4559;0.1866;0.3141;-0.03788207185990283;-0.7371009500069903;-0.08516414059014868;0.6693236939537812
1661426290595;0.4559;0.1866;0.3141;-0.03788207185990283;-0.7371009500069903;-0.08516414059014868;0.6693236939537812
1661426290619;0.4559;0.1866;0.3141;-0.03788207185990283;-0.7371009500069903;-0.08516414059014868;0.6693236939537812
1661426290635;0.4559;0.1866;0.3141;-0.03788207185990283;-0.7371009500069903;-0.08516414059014868;0.6693236939537812
1661426290651;0.4559;0.1866;0.3141;-0.03788207185990283;-0.7371009500069903;-0.08516414059014868;0.6693236939537812
1661426290675;0.4559;0.1866;0.3141;-0.03788207185990283;-0.7371009500069903;-0.08516414059014868;0.6693236939537812
1661426290691;0.4559;0.1866;0.3141;-0.03788207185990283;-0.7371009500069903;-0.08516414059014868;0.6693236939537812
1661426290715;0.4559;0.1866;0.3141;-0.03788207185990283;-0.7371009500069903;-0.08516414059014868;0.6693236939537812
1661426290731;0.4559;0.1866;0.3141;-0.03788207185990283;-0.7371009500069903;-0.08516414059014868;0.6693236939537812
1661426290747;0.4559;0.1866;0.3141;-0.03788207185990283;-0.7371009500069903;-0.08516414059014868;0.6693236939537812
1661426290763;0.4559;0.1866;0.3141;-0.03788207185990283;-0.7371009500069903;-0.08516414059014868;0.6693236939537812
1661426290780;0.4559;0.1866;0.3141;-0.03788207185990283;-0.7371009500069903;-0.08516414059014868;0.6693236939537812
1661426290811;0.4559;0.1866;0.3141;-0.03788207185990283;-0.7371009500069903;-0.08516414059014868;0.6693236939537812
1661426290827;0.4559;0.1865;0.3141;-0.03788207185990283;-0.7371009500069903;-0.08516414059014868;0.6693236939537812
1661426290843;0.4559;0.1865;0.3141;-0.03788207185990283;-0.7371009500069903;-0.08516414059014868;0.6693236939537812
1661426290867;0.4559;0.1865;0.3141;-0.03788207185990283;-0.7371009500069903;-0.08516414059014868;0.6693236939537812
1661426290884;0.4559;0.1865;0.3141;-0.03788207185990283;-0.7371009500069903;-0.08516414059014868;0.6693236939537812
1661426290907;0.4559;0.1865;0.3141;-0.03788207185990283;-0.7371009500069903;-0.08516414059014868;0.6693236939537812
1661426290931;0.4559;0.1865;0.3141;-0.03788207185990283;-0.7371009500069903;-0.08516414059014868;0.6693236939537812
1661426290947;0.4559;0.1865;0.3141;-0.03788207185990283;-0.7371009500069903;-0.08516414059014868;0.6693236939537812
1661426290971;0.4559;0.1865;0.3141;-0.03788207185990283;-0.7371009500069903;-0.08516414059014868;0.6693236939537812
1661426290987;0.4559;0.1865;0.3141;-0.03788207185990283;-0.7371009500069903;-0.08516414059014868;0.6693236939537812
1661426290995;0.4559;0.1865;0.3141;-0.03788207185990283;-0.7371009500069903;-0.08516414059014868;0.6693236939537812
1661426291011;0.4559;0.1865;0.3141;-0.03788207185990283;-0.7371009500069903;-0.08516414059014868;0.6693236939537812
1661426291027;0.4559;0.1865;0.3141;-0.03788207185990283;-0.7371009500069903;-0.08516414059014868;0.6693236939537812
1661426291043;0.4559;0.1865;0.3141;-0.03788207185990283;-0.7371009500069903;-0.08516414059014868;0.6693236939537812
1661426291075;0.4559;0.1865;0.3141;-0.03788207185990283;-0.7371009500069903;-0.08516414059014868;0.6693236939537812
1661426291091;0.4559;0.1865;0.3141;-0.03788207185990283;-0.7371009500069903;-0.08516414059014868;0.6693236939537812
1661426291115;0.4559;0.1865;0.3141;-0.03788207185990283;-0.7371009500069903;-0.08516414059014868;0.6693236939537812
1661426291131;0.4559;0.1865;0.3141;-0.03788207185990283;-0.7371009500069903;-0.08516414059014868;0.6693236939537812
1661426291147;0.4559;0.1865;0.3141;-0.03788207185990283;-0.7371009500069903;-0.08516414059014868;0.6693236939537812
1661426291171;0.4559;0.1865;0.3141;-0.03788207185990283;-0.7371009500069903;-0.08516414059014868;0.6693236939537812
1661426291195;0.4559;0.1865;0.3141;-0.03788207185990283;-0.7371009500069903;-0.08516414059014868;0.6693236939537812
1661426291219;0.4559;0.1865;0.3141;-0.03788207185990283;-0.7371009500069903;-0.08516414059014868;0.6693236939537812
1661426291235;0.4559;0.1865;0.3141;-0.03788207185990283;-0.7371009500069903;-0.08516414059014868;0.6693236939537812
1661426291252;0.4559;0.1865;0.3141;-0.03788207185990283;-0.7371009500069903;-0.08516414059014868;0.6693236939537812
1661426291267;0.4559;0.1865;0.3141;-0.03788207185990283;-0.7371009500069903;-0.08516414059014868;0.6693236939537812
1661426291283;0.4559;0.1865;0.3141;-0.03788207185990283;-0.7371009500069903;-0.08516414059014868;0.6693236939537812
1661426291299;0.4559;0.1865;0.3141;-0.03788207185990283;-0.7371009500069903;-0.08516414059014868;0.6693236939537812
1661426291331;0.4559;0.1865;0.3141;-0.03788207185990283;-0.7371009500069903;-0.08516414059014868;0.6693236939537812
1661426291347;0.4559;0.1865;0.3141;-0.03788207185990283;-0.7371009500069903;-0.08516414059014868;0.6693236939537812
1661426291371;0.4559;0.1865;0.3141;-0.03788207185990283;-0.7371009500069903;-0.08516414059014868;0.6693236939537812
1661426291387;0.4559;0.1865;0.3141;-0.03788207185990283;-0.7371009500069903;-0.08516414059014868;0.6693236939537812
1661426291403;0.4559;0.1865;0.3141;-0.03788207185990283;-0.7371009500069903;-0.08516414059014868;0.6693236939537812
1661426291427;0.4559;0.1865;0.3141;-0.03788207185990283;-0.7371009500069903;-0.08516414059014868;0.6693236939537812
1661426291451;0.4559;0.1865;0.3141;-0.03788207185990283;-0.7371009500069903;-0.08516414059014868;0.6693236939537812
1661426291467;0.4559;0.1865;0.3141;-0.03788207185990283;-0.7371009500069903;-0.08516414059014868;0.6693236939537812
1661426291483;0.4559;0.1865;0.3141;-0.03788207185990283;-0.7371009500069903;-0.08516414059014868;0.6693236939537812
1661426291499;0.4559;0.1865;0.3141;-0.03788207185990283;-0.7371009500069903;-0.08516414059014868;0.6693236939537812
1661426291515;0.4559;0.1865;0.3141;-0.03788207185990283;-0.7371009500069903;-0.08516414059014868;0.6693236939537812
1661426291531;0.4559;0.1865;0.3141;-0.03788207185990283;-0.7371009500069903;-0.08516414059014868;0.6693236939537812
1661426291547;0.4559;0.1865;0.3141;-0.03788207185990283;-0.7371009500069903;-0.08516414059014868;0.6693236939537812
1661426291579;0.4559;0.1865;0.3141;-0.03788207185990283;-0.7371009500069903;-0.08516414059014868;0.6693236939537812
1661426291595;0.4559;0.1865;0.3141;-0.03788207185990283;-0.7371009500069903;-0.08516414059014868;0.6693236939537812
1661426291611;0.4559;0.1865;0.3141;-0.03788207185990283;-0.7371009500069903;-0.08516414059014868;0.6693236939537812
1661426291635;0.4559;0.1865;0.3141;-0.03788207185990283;-0.7371009500069903;-0.08516414059014868;0.6693236939537812
1661426291651;0.4559;0.1865;0.3141;-0.03788207185990283;-0.7371009500069903;-0.08516414059014868;0.6693236939537812
1661426291667;0.4559;0.1865;0.3141;-0.03788207185990283;-0.7371009500069903;-0.08516414059014868;0.6693236939537812
1661426291683;0.4559;0.1865;0.3141;-0.03788207185990283;-0.7371009500069903;-0.08516414059014868;0.6693236939537812
1661426291707;0.4559;0.1865;0.3141;-0.03788207185990283;-0.7371009500069903;-0.08516414059014868;0.6693236939537812
1661426291723;0.4559;0.1865;0.3141;-0.03788207185990283;-0.7371009500069903;-0.08516414059014868;0.6693236939537812
1661426291739;0.4559;0.1865;0.3141;-0.03788207185990283;-0.7371009500069903;-0.08516414059014868;0.6693236939537812
1661426291755;0.4559;0.1865;0.3141;-0.03788207185990283;-0.7371009500069903;-0.08516414059014868;0.6693236939537812
1661426291771;0.4559;0.1865;0.3141;-0.03788207185990283;-0.7371009500069903;-0.08516414059014868;0.6693236939537812
1661426291787;0.4559;0.1865;0.3141;-0.03788207185990283;-0.7371009500069903;-0.08516414059014868;0.6693236939537812
1661426291803;0.4559;0.1865;0.3141;-0.03788207185990283;-0.7371009500069903;-0.08516414059014868;0.6693236939537812
1661426291827;0.4559;0.1865;0.3141;-0.03788207185990283;-0.7371009500069903;-0.08516414059014868;0.6693236939537812
1661426291843;0.4559;0.1865;0.3141;-0.03788207185990283;-0.7371009500069903;-0.08516414059014868;0.6693236939537812
1661426291867;0.4559;0.1865;0.3141;-0.03788207185990283;-0.7371009500069903;-0.08516414059014868;0.6693236939537812
1661426291883;0.4559;0.1865;0.3141;-0.03788207185990283;-0.7371009500069903;-0.08516414059014868;0.6693236939537812
1661426291899;0.4559;0.1865;0.3141;-0.03788207185990283;-0.7371009500069903;-0.08516414059014868;0.6693236939537812
1661426291915;0.4559;0.1865;0.3141;-0.03788207185990283;-0.7371009500069903;-0.08516414059014868;0.6693236939537812
1661426291931;0.4559;0.1865;0.3141;-0.03788207185990283;-0.7371009500069903;-0.08516414059014868;0.6693236939537812
1661426291955;0.4559;0.1865;0.3141;-0.03788207185990283;-0.7371009500069903;-0.08516414059014868;0.6693236939537812
1661426291971;0.4559;0.1865;0.3141;-0.03788207185990283;-0.7371009500069903;-0.08516414059014868;0.6693236939537812
1661426291987;0.4559;0.1865;0.3141;-0.03788207185990283;-0.7371009500069903;-0.08516414059014868;0.6693236939537812
1661426292003;0.4559;0.1865;0.3141;-0.03788207185990283;-0.7371009500069903;-0.08516414059014868;0.6693236939537812
1661426292019;0.4559;0.1865;0.3141;-0.03788207185990283;-0.7371009500069903;-0.08516414059014868;0.6693236939537812
1661426292043;0.4559;0.1865;0.3141;-0.03788207185990283;-0.7371009500069903;-0.08516414059014868;0.6693236939537812
1661426292068;0.4559;0.1865;0.3141;-0.03788207185990283;-0.7371009500069903;-0.08516414059014868;0.6693236939537812
1661426292091;0.4559;0.1865;0.3141;-0.03788207185990283;-0.7371009500069903;-0.08516414059014868;0.6693236939537812
1661426292107;0.4559;0.1865;0.3141;-0.03788207185990283;-0.7371009500069903;-0.08516414059014868;0.6693236939537812
1661426292131;0.4559;0.1865;0.3141;-0.03788207185990283;-0.7371009500069903;-0.08516414059014868;0.6693236939537812
1661426292139;0.4559;0.1865;0.3141;-0.03788207185990283;-0.7371009500069903;-0.08516414059014868;0.6693236939537812
1661426292155;0.4559;0.1865;0.3141;-0.03788207185990283;-0.7371009500069903;-0.08516414059014868;0.6693236939537812
1661426292171;0.4559;0.1865;0.3141;-0.03788207185990283;-0.7371009500069903;-0.08516414059014868;0.6693236939537812
1661426292187;0.4559;0.1865;0.3141;-0.03788207185990283;-0.7371009500069903;-0.08516414059014868;0.6693236939537812
1661426292211;0.4559;0.1865;0.3141;-0.03788207185990283;-0.7371009500069903;-0.08516414059014868;0.6693236939537812
1661426292227;0.4559;0.1865;0.3141;-0.03788207185990283;-0.7371009500069903;-0.08516414059014868;0.6693236939537812
1661426292243;0.4559;0.1865;0.3141;-0.03788207185990283;-0.7371009500069903;-0.08516414059014868;0.6693236939537812
1661426292269;0.4559;0.1865;0.3141;-0.03788207185990283;-0.7371009500069903;-0.08516414059014868;0.6693236939537812
1661426292283;0.4559;0.1865;0.3141;-0.03788207185990283;-0.7371009500069903;-0.08516414059014868;0.6693236939537812
1661426292299;0.4559;0.1865;0.3141;-0.03788207185990283;-0.7371009500069903;-0.08516414059014868;0.6693236939537812
1661426292315;0.4559;0.1865;0.3141;-0.03788207185990283;-0.7371009500069903;-0.08516414059014868;0.6693236939537812
1661426292339;0.4559;0.1865;0.3141;-0.03788207185990283;-0.7371009500069903;-0.08516414059014868;0.6693236939537812
1661426292355;0.4559;0.1865;0.3141;-0.03788207185990283;-0.7371009500069903;-0.08516414059014868;0.6693236939537812
1661426292371;0.4559;0.1865;0.3141;-0.03788207185990283;-0.7371009500069903;-0.08516414059014868;0.6693236939537812
1661426292387;0.4559;0.1865;0.3141;-0.03788207185990283;-0.7371009500069903;-0.08516414059014868;0.6693236939537812
1661426292403;0.4559;0.1865;0.3141;-0.03788207185990283;-0.7371009500069903;-0.08516414059014868;0.6693236939537812
1661426292419;0.4559;0.1865;0.3141;-0.03788207185990283;-0.7371009500069903;-0.08516414059014868;0.6693236939537812
1661426292435;0.4559;0.1865;0.3141;-0.03788207185990283;-0.7371009500069903;-0.08516414059014868;0.6693236939537812
1661426292451;0.4559;0.1865;0.3141;-0.03788207185990283;-0.7371009500069903;-0.08516414059014868;0.6693236939537812
1661426292475;0.4559;0.1865;0.3141;-0.03788207185990283;-0.7371009500069903;-0.08516414059014868;0.6693236939537812
1661426292491;0.4559;0.1865;0.3141;-0.03788207185990283;-0.7371009500069903;-0.08516414059014868;0.6693236939537812
1661426292507;0.4559;0.1865;0.3141;-0.03788207185990283;-0.7371009500069903;-0.08516414059014868;0.6693236939537812
1661426292523;0.4559;0.1865;0.3141;-0.03788207185990283;-0.7371009500069903;-0.08516414059014868;0.6693236939537812
1661426292539;0.4559;0.1865;0.3141;-0.03788207185990283;-0.7371009500069903;-0.08516414059014868;0.6693236939537812
1661426292555;0.4559;0.1865;0.3141;-0.03788207185990283;-0.7371009500069903;-0.08516414059014868;0.6693236939537812
1661426292571;0.4559;0.1865;0.3141;-0.03788207185990283;-0.7371009500069903;-0.08516414059014868;0.6693236939537812
1661426292595;0.4559;0.1865;0.3141;-0.03788207185990283;-0.7371009500069903;-0.08516414059014868;0.6693236939537812
1661426292619;0.4559;0.1865;0.3141;-0.03788207185990283;-0.7371009500069903;-0.08516414059014868;0.6693236939537812
1661426292635;0.4559;0.1865;0.3141;-0.03788207185990283;-0.7371009500069903;-0.08516414059014868;0.6693236939537812
1661426292651;0.4559;0.1865;0.3141;-0.03788207185990283;-0.7371009500069903;-0.08516414059014868;0.6693236939537812
1661426292659;0.4559;0.1865;0.3141;-0.03788207185990283;-0.7371009500069903;-0.08516414059014868;0.6693236939537812
1661426292675;0.4559;0.1865;0.3141;-0.03788207185990283;-0.7371009500069903;-0.08516414059014868;0.6693236939537812
1661426292699;0.4559;0.1865;0.3141;-0.03788207185990283;-0.7371009500069903;-0.08516414059014868;0.6693236939537812
1661426292731;0.4559;0.1865;0.3141;-0.03788207185990283;-0.7371009500069903;-0.08516414059014868;0.6693236939537812
1661426292748;0.4559;0.1865;0.3141;-0.03788207185990283;-0.7371009500069903;-0.08516414059014868;0.6693236939537812
1661426292763;0.4559;0.1865;0.3141;-0.03788207185990283;-0.7371009500069903;-0.08516414059014868;0.6693236939537812
1661426292779;0.4559;0.1865;0.3141;-0.03788207185990283;-0.7371009500069903;-0.08516414059014868;0.6693236939537812
1661426292795;0.4559;0.1865;0.3141;-0.03788207185990283;-0.7371009500069903;-0.08516414059014868;0.6693236939537812
1661426292819;0.4559;0.1865;0.3141;-0.03788207185990283;-0.7371009500069903;-0.08516414059014868;0.6693236939537812
1661426292835;0.4559;0.1865;0.3141;-0.03788207185990283;-0.7371009500069903;-0.08516414059014868;0.6693236939537812
1661426292859;0.4559;0.1865;0.3141;-0.03788207185990283;-0.7371009500069903;-0.08516414059014868;0.6693236939537812
1661426292867;0.4559;0.1865;0.3141;-0.03788207185990283;-0.7371009500069903;-0.08516414059014868;0.6693236939537812
1661426292883;0.4559;0.1865;0.3141;-0.03788207185990283;-0.7371009500069903;-0.08516414059014868;0.6693236939537812
1661426292899;0.4559;0.1865;0.3141;-0.03788207185990283;-0.7371009500069903;-0.08516414059014868;0.6693236939537812
1661426292923;0.4559;0.1865;0.3141;-0.03788207185990283;-0.7371009500069903;-0.08516414059014868;0.6693236939537812
1661426292939;0.4559;0.1865;0.3141;-0.03788207185990283;-0.7371009500069903;-0.08516414059014868;0.6693236939537812
1661426292955;0.4559;0.1865;0.3141;-0.03788207185990283;-0.7371009500069903;-0.08516414059014868;0.6693236939537812
1661426292979;0.4564;0.1865;0.3142;-0.03729796239856051;-0.7371749890632348;-0.08452086631883263;0.6693564974341023
1661426293003;0.4576;0.1863;0.3147;-0.03794125465102438;-0.7371421597595479;-0.08510495779902719;0.6692824842012235
1661426293019;0.4591;0.186;0.3152;-0.03800050927655535;-0.7371832661559353;-0.08504570317349597;0.6692413778048362
1661426293035;0.4613;0.1857;0.316;-0.037706879487576006;-0.7376951294593121;-0.08533300070844968;0.6686571365067525
1661426293051;0.4643;0.1852;0.3171;-0.03747630553676726;-0.7382495586954326;-0.0855571487050116;0.6680292582774967
1661426293067;0.4683;0.1845;0.3185;-0.037249544061544265;-0.7388054273447883;-0.08577739053066041;0.6673988696925119
1661426293091;0.4764;0.1831;0.3214;-0.03680750310560604;-0.739921402114626;-0.086206111121399;0.6661306424517506
1661426293115;0.4874;0.1812;0.3251;-0.036447371565680814;-0.7410866747670914;-0.08655254757532244;0.6648088342499895
1661426293131;0.4963;0.1795;0.328;-0.035700274017070766;-0.7426901599494558;-0.08727839998499382;0.6629625160183773
1661426293147;0.5066;0.1776;0.3313;-0.035959417601397925;-0.7437929585156474;-0.08823109514209809;0.6615846347961345
1661426293163;0.5182;0.1754;0.3349;-0.03533047148657631;-0.7454569225604103;-0.0888371654836135;0.6596618015469258
1661426293179;0.5313;0.1728;0.3387;-0.03415668232848945;-0.7472073073497325;-0.08876121762678638;0.6577507180846581
1661426293195;0.5457;0.1698;0.3427;-0.033921757777754524;-0.7493398707564409;-0.09018919310465431;0.6551373763502731
1661426293219;0.5702;0.1645;0.3491;-0.0331079736815201;-0.7521956261548917;-0.09095965154000471;0.6517913346032419
1661426293243;0.598;0.158;0.3556;-0.03177794551802213;-0.7560405261117585;-0.09222505569610559;0.6472151297344332
1661426293259;0.6185;0.153;0.36;-0.03152321580570405;-0.7587512757671607;-0.09365483264850315;0.6438412542766687
1661426293275;0.6407;0.1473;0.3643;-0.030773763642355817;-0.7615554761288112;-0.09435242464250822;0.6404559721117322
1661426293299;0.677;0.1374;0.3704;-0.02903028454352441;-0.766079400879515;-0.09478529941318589;0.6350553843111308
1661426293323;0.7171;0.1257;0.3759;-0.02867990546075394;-0.7705161206166496;-0.09626432690477991;0.6294565515253621
1661426293347;0.7607;0.1119;0.3803;-0.027695707450043988;-0.775538770995212;-0.09713546798804343;0.6231671231145153
1661426293371;0.8069;0.0962;0.3834;-0.026665221408379167;-0.7810572314293786;-0.09803130447108312;0.6161399439598231
1661426293387;0.8387;0.0847;0.3846;-0.02597258804764474;-0.7848783119731245;-0.09862403230828846;0.6111994439751885
1661426293403;0.871;0.0725;0.3851;-0.024771430145298395;-0.7881740186076468;-0.09851837480790361;0.6070108915543766
1661426293420;0.9037;0.0597;0.3847;-0.023766422067677137;-0.791792807370281;-0.09941590720175235;0.6021758752839927
1661426293435;0.9364;0.0464;0.3836;-0.0226449860560555;-0.7953318182690569;-0.10042527091718977;0.5973686202141573
1661426293451;0.9691;0.0325;0.3816;-0.021385396820114227;-0.7987849747650205;-0.1015681954265721;0.5925952502090119
1661426293467;1.0018;0.0182;0.3788;-0.019779262386232718;-0.8020731752850314;-0.10305307705692376;0.5879349161061481
1661426293491;1.0504;-0.0038;0.3731;-0.015450074553470416;-0.8070535282116366;-0.10476020475526648;0.5809054977335607
1661426293507;1.0823;-0.0189;0.3683;-0.01277040052481794;-0.8103842750820165;-0.10729048213816475;0.5758498033452737
1661426293523;1.114;-0.0342;0.3628;-0.009848370843674986;-0.8130233071008179;-0.11007698935937123;0.5716460164438755
1661426293539;1.1454;-0.0497;0.3565;-0.005671612228516892;-0.8159360904766959;-0.11288660418043661;0.5669856644298373
1661426293555;1.1768;-0.0655;0.3495;-0.0011733627515931044;-0.8188635645742642;-0.11719935746832877;0.5618944709121046
1661426293571;1.208;-0.0816;0.3416;0.0041974131299520046;-0.821619871997814;-0.12117431436004722;0.5569918789360262
1661426293587;1.2389;-0.0978;0.3331;0.009760749982055533;-0.8243739775432214;-0.1265171495908884;0.5516390883256486
1661426293619;1.2997;-0.1306;0.3141;0.022745448661157047;-0.8293922417140198;-0.1378140917924792;0.5409236822817147
1661426293635;1.3292;-0.147;0.3039;0.029726623003405006;-0.83145750264435;-0.1445247825276726;0.5356373179835057
1661426293651;1.3578;-0.163;0.2934;0.03699369583745579;-0.8337108963101111;-0.15148471883180703;0.5297263329328883
1661426293667;1.3856;-0.1787;0.2826;0.045213670974517756;-0.8355841946115784;-0.1581984577739015;0.5241450425505205
1661426293683;1.4123;-0.1939;0.2718;0.0529201934550905;-0.8371410473206089;-0.1655762208880694;0.5186316950322796
1661426293699;1.4378;-0.2084;0.2611;0.06090676748629509;-0.8388516615863992;-0.17319269895272715;0.5124671155865295
1661426293723;1.4734;-0.2285;0.2457;0.07381045667276362;-0.8405213637280291;-0.18435616043370695;0.5040720778942963
1661426293747;1.5053;-0.2461;0.2316;0.08540285653393609;-0.8416515807001306;-0.19538911061007894;0.49613714258843555
1661426293763;1.5244;-0.2565;0.223;0.09384457071596239;-0.8421001113204905;-0.202279409635783;0.4910637835338232
1661426293779;1.542;-0.2657;0.2152;0.10097343670543343;-0.8423585076149027;-0.20904589042026184;0.48635000300923986
1661426293795;1.5579;-0.2738;0.2082;0.10822258605421406;-0.84233055746021;-0.21480102567875808;0.48231485899136833
1661426293811;1.5723;-0.281;0.2019;0.11523473562619255;-0.8423762561172345;-0.2203183068271916;0.47810358972912165
1661426293827;1.5853;-0.2873;0.1963;0.12158190861831514;-0.8423297006091129;-0.2263186205072398;0.4737915121445188
1661426293851;1.6021;-0.2951;0.1893;0.12989139279335848;-0.8420388007292685;-0.23305745519399634;0.4688103099582122
1661426293875;1.6158;-0.3013;0.1829;0.1367861548460468;-0.8417836261363664;-0.23845186730130757;0.4645757006039633
1661426293891;1.6233;-0.3044;0.1781;0.14064065491092845;-0.8414839920254963;-0.24208882183528432;0.4620799711018254
1661426293907;1.6297;-0.3067;0.1722;0.14449160414635784;-0.8411710430821114;-0.24462080240402848;0.46012402202294755
1661426293923;1.6351;-0.3081;0.1646;0.14686055813168217;-0.8411259755902105;-0.24684329885586387;0.4582657040000073
1661426293939;1.6395;-0.3086;0.1548;0.14880935935697032;-0.8409030843838146;-0.24868145735097907;0.4570506646000515
1661426293955;1.6432;-0.3082;0.1427;0.15033480168992513;-0.8405123838443906;-0.25013275753227115;0.45647780188566933
1661426293971;1.6462;-0.3069;0.1284;0.15152724721920463;-0.8404628463620271;-0.25125075690800774;0.4555598252571915
1661426293987;1.6487;-0.305;0.1123;0.1522921504255045;-0.8402595014992101;-0.2519783231076627;0.4552779324137345
1661426294011;1.6513;-0.3013;0.0865;0.1526605680678697;-0.8398326493941373;-0.25343943512062156;0.4551311071488736
1661426294027;1.6526;-0.2987;0.0699;0.1526605680678697;-0.8398326493941373;-0.25343943512062156;0.4551311071488736
1661426294043;1.6535;-0.2962;0.0548;0.1522633331720495;-0.8396111620077983;-0.25417223076990636;0.45526415530843367
1661426294059;1.6541;-0.294;0.0421;0.1522633331720495;-0.8396111620077983;-0.25417223076990636;0.45526415530843367
1661426294067;1.6543;-0.293;0.0367;0.1522633331720495;-0.8396111620077983;-0.25417223076990636;0.45526415530843367
1661426294083;1.6547;-0.2915;0.028;0.1518659823210774;-0.8393890352210353;-0.2549048328559806;0.455396856764535
1661426294099;1.6549;-0.2904;0.0219;0.1522633331720495;-0.8396111620077983;-0.25417223076990636;0.45526415530843367
1661426294115;1.6551;-0.2897;0.0179;0.15153057632679404;-0.8397437171154171;-0.25456942686169726;0.4550421748701533
1661426294139;1.6552;-0.2893;0.0148;0.15094935113527294;-0.8409525240179264;-0.25394943747699494;0.4533462572304273
1661426294155;1.6552;-0.2893;0.0139;0.1503911318552764;-0.8420870772904083;-0.25444205120301944;0.4511442167415946
1661426294171;1.6552;-0.2893;0.0131;0.150214345666546;-0.84344416810092;-0.2541863316641815;0.4488060766607612
1661426294187;1.6552;-0.2894;0.0122;0.1493268236333941;-0.8455055513558732;-0.25321955956422093;0.445759707717133
1661426294203;1.6553;-0.2894;0.011;0.1481485455142374;-0.8483496371587653;-0.25300690458143943;0.4408428380145528
1661426294219;1.6553;-0.2895;0.0095;0.14690792306895026;-0.85119274588638;-0.25272707545050266;0.4359105376384102
1661426294235;1.6553;-0.2896;0.0078;0.1452701232620717;-0.8548854403733624;-0.25200318489710083;0.4296066455803288
1661426294259;1.6553;-0.2898;0.0046;0.14281273853126614;-0.8612780789261315;-0.2502808950310962;0.4185260637725518
1661426294275;1.6554;-0.29;0.0022;0.14046703848914266;-0.8662980384799601;-0.24874418062070658;0.4097841532211767
1661426294291;1.6554;-0.2902;-0.0004;0.13791167199033816;-0.8717486765023716;-0.2480058746613532;0.3994091910292623
1661426294307;1.6554;-0.2903;-0.0033;0.1351091445415145;-0.8771735187457609;-0.24699662173480408;0.38897918443540735
1661426294323;1.6555;-0.2905;-0.0063;0.13241443605242081;-0.8827328817326292;-0.24602162846464992;0.37778622918328986
1661426294339;1.6555;-0.2907;-0.0094;0.12945130676665606;-0.8882519406583614;-0.24475007262784637;0.36653547037322803
1661426294355;1.6555;-0.2909;-0.0124;0.12733520171201945;-0.8937786823056529;-0.2431542856669467;0.35471313314103153
1661426294371;1.6556;-0.2911;-0.0154;0.12431289917075573;-0.8988750445233946;-0.24176916452933256;0.34368245302257644
1661426294395;1.6556;-0.2914;-0.0196;0.12065204273422073;-0.905946319594978;-0.2404511348725243;0.3269366946901019
1661426294411;1.6557;-0.2915;-0.0222;0.11856999745823002;-0.9100105910882869;-0.23891822584316938;0.31739559097418873
1661426294435;1.6557;-0.2918;-0.0255;0.11645690372548145;-0.9152734007008643;-0.2370954098828498;0.3041350985279938
1661426294459;1.6558;-0.2919;-0.0283;0.11402608291345617;-0.9191703888760956;-0.23617071397539266;0.29384901308177663
1661426294475;1.6559;-0.2921;-0.0301;0.11276153565605065;-0.9214000214009853;-0.23558376283917257;0.2877622757160668
1661426294491;1.6561;-0.2922;-0.0319;0.11224864755701221;-0.9235111983893644;-0.23468659114876278;0.28186789726046335
1661426294515;1.6565;-0.2923;-0.0345;0.11253253966071124;-0.925445668700158;-0.2345179106473319;0.2754779326683682
1661426294532;1.657;-0.2924;-0.0363;0.11332077567964974;-0.9265277261407726;-0.23399967853417647;0.27193551613879696
1661426294547;1.6575;-0.2925;-0.0382;0.11437136132733658;-0.9277407254693038;-0.23368208911866756;0.2675986159137541
1661426294571;1.6584;-0.2927;-0.0413;0.11648920603771053;-0.928974525305782;-0.23333058258769407;0.2626660150055359
1661426294587;1.6591;-0.2928;-0.0435;0.11862578523149711;-0.9296127850168451;-0.23313470230468228;0.2596077880047952
1661426294603;1.6599;-0.2929;-0.0459;0.12075650437966978;-0.9302374645407758;-0.23294039597675306;0.25654414461637015
1661426294619;1.6607;-0.293;-0.0486;0.1231024599112339;-0.9310513218165075;-0.23193528840734434;0.2533678008329773
1661426294643;1.6622;-0.2932;-0.0528;0.12711294693913655;-0.9320300406833412;-0.23236723965188164;0.24732118372841133
1661426294667;1.6635;-0.2934;-0.0568;0.1307836964918529;-0.9329247222314498;-0.23157338979102843;0.24273617884854262
1661426294683;1.6643;-0.2935;-0.0591;0.13288008681320584;-0.9334737538198359;-0.23138941845359648;0.2396425890482031
1661426294699;1.665;-0.2936;-0.0612;0.13497025060903378;-0.9340092250829325;-0.23120723513272434;0.23654389303635728
1661426294715;1.6657;-0.2935;-0.063;0.13705413333801653;-0.9345311396551298;-0.2310268711215923;0.23344013872857625
1661426294731;1.6665;-0.2933;-0.0645;0.1393326296530268;-0.9352405985906975;-0.23003229391937063;0.2302098712390029
1661426294755;1.6678;-0.2926;-0.0663;0.14075019848391412;-0.9364879324856397;-0.2300580991998898;0.2241718201024488
1661426294779;1.6694;-0.2914;-0.0675;0.14277869528370668;-0.9382025791308052;-0.22863011526424373;0.21706781216856252
1661426294795;1.6706;-0.2902;-0.0679;0.1434929101369549;-0.939710905590285;-0.2279716512289574;0.21067065503068294
1661426294811;1.672;-0.2888;-0.0681;0.14441807539859444;-0.9412784090789348;-0.22747747231313903;0.20345116291144766
1661426294835;1.6743;-0.2862;-0.0681;0.14539192995731196;-0.9440618255320812;-0.22578604356848117;0.1913873527849057
1661426294859;1.6772;-0.2831;-0.068;0.14708788709862303;-0.9471523834783717;-0.22370462355117465;0.17670245426119416
1661426294875;1.6794;-0.2807;-0.068;0.14818412147149324;-0.9493165947621283;-0.22224175460983558;0.16567459539983959
1661426294899;1.683;-0.2767;-0.0679;0.15076966903804992;-0.9525763789410573;-0.2199256771298728;0.14662689289713202
1661426294915;1.6855;-0.2739;-0.0678;0.1523351992809503;-0.9548033422058904;-0.21790881005887616;0.13289211892064656
1661426294932;1.688;-0.2711;-0.0678;0.15351762897403046;-0.956850000293616;-0.21560480089754303;0.11993741852412008
1661426294947;1.6904;-0.2684;-0.0677;0.15537869745787797;-0.9586291886508292;-0.21309812447029988;0.10712949355890225
1661426294975;1.6943;-0.2642;-0.0676;0.15827512261069598;-0.9610596884940996;-0.2094933491399297;0.08617306644380775
1661426294995;1.6966;-0.2616;-0.0676;0.1603849101773665;-0.9623383070948535;-0.20655124100045555;0.07428491183531863
1661426295011;1.6984;-0.2598;-0.0675;0.16168292553193891;-0.9631596337627752;-0.20478244148065933;0.06516366428164216
1661426295043;1.7022;-0.2569;-0.0674;0.1623621378526418;-0.9649964375651481;-0.19960835754156725;0.05076332611296232
1661426295067;1.7051;-0.2554;-0.0674;0.16240686243437982;-0.9665049571342607;-0.194117691334502;0.04254997978947139
1661426295083;1.7072;-0.2547;-0.0673;0.16174340232101153;-0.9675157579538236;-0.19068772408206439;0.03728970100529172
1661426295099;1.7094;-0.2542;-0.0673;0.16155160863158474;-0.9684073757583164;-0.18692234192093202;0.03388613899860382
1661426295115;1.7116;-0.2539;-0.0673;0.16048618050641741;-0.9694184307087037;-0.18317351407919868;0.030324178613994595
1661426295131;1.7138;-0.2537;-0.0672;0.15907953022248444;-0.9704613484253237;-0.17913194704060847;0.02846436063108743
1661426295155;1.7169;-0.2536;-0.0672;0.15703017387259924;-0.9720505203460726;-0.17269631574273464;0.02520501770196713
1661426295171;1.7188;-0.2536;-0.0671;0.15556638470221743;-0.9728940851244633;-0.1694797428744217;0.02351203597596959
1661426295195;1.7211;-0.2535;-0.0671;0.15413007072364765;-0.9740125189123309;-0.16455606352319355;0.021560061654133694
1661426295211;1.7223;-0.2535;-0.0671;0.15347574046317575;-0.9745480359927585;-0.16215646451611707;0.020164415378827846
1661426295235;1.7236;-0.2534;-0.0671;0.15281497569875838;-0.9750764195421264;-0.15975345991492695;0.01877208833094722
1661426295259;1.7245;-0.2534;-0.0671;0.15128125605738799;-0.9755923571308552;-0.15821360823161276;0.01737781470422412
1661426295291;1.7253;-0.2531;-0.0671;0.14929440113042516;-0.9761479476500051;-0.15706562703019078;0.013294919909642346
1661426295315;1.7262;-0.2529;-0.0672;0.14643915460430518;-0.9768148595131104;-0.1559033571273701;0.009080058897078708
1661426295339;1.7273;-0.2526;-0.0672;0.1427179994818462;-0.9777200916009339;-0.1538626814469801;0.004611980236993614
1661426295364;1.7286;-0.2523;-0.0673;0.13837046398324057;-0.9787753059594996;-0.15115972239365527;-0.0018037369053853294
1661426295387;1.7302;-0.2518;-0.0674;0.13409776562209147;-0.9797366137785496;-0.1484992179214636;-0.009052024835209335
1661426295419;1.7326;-0.2512;-0.0675;0.126807223454162;-0.9810240476475373;-0.145253567980293;-0.020326017959329534
1661426295443;1.7345;-0.2507;-0.0676;0.12080483821697371;-0.9819866465006777;-0.14243965151966054;-0.028624514540540623
1661426295467;1.7361;-0.2502;-0.0677;0.11645547859057752;-0.9826565594784648;-0.1395754918854856;-0.0366454592700212
1661426295491;1.7375;-0.2499;-0.0678;0.11186803374024251;-0.9832578985236131;-0.1373154179953224;-0.04282433885992918
1661426295523;1.739;-0.2495;-0.0679;0.1073536727068344;-0.9837411855878242;-0.1350711446360793;-0.04984229751240677
1661426295555;1.7406;-0.2491;-0.0679;0.10435797195703006;-0.9840064188302833;-0.1335595805668563;-0.05479616618543963
1661426295579;1.7428;-0.2488;-0.0679;0.10194237016027301;-0.9842527616646296;-0.132703995869877;-0.056955278963615956
1661426295603;1.7461;-0.2484;-0.0679;0.10022437062905647;-0.9844291854726543;-0.13260438808622135;-0.05718680426404713
1661426295627;1.7504;-0.2478;-0.0678;0.09845592150198247;-0.9847178674971648;-0.13164509815285447;-0.05750409624849986
1661426295651;1.7561;-0.2471;-0.0678;0.09577344614329869;-0.9850416980092843;-0.1314256875935205;-0.05698762003622328
1661426295683;1.7655;-0.246;-0.0676;0.09121660622203859;-0.9856999294166123;-0.13018603231231937;-0.055917590150103016
1661426295715;1.7758;-0.2448;-0.0675;0.08665852738034584;-0.9863331756455991;-0.1289575084950056;-0.05483727980031418
1661426295739;1.7821;-0.244;-0.0674;0.08386844796764222;-0.9866847231096122;-0.1286948987543624;-0.05345057204755685
1661426295763;1.7862;-0.2436;-0.0671;0.08131926224186402;-0.9866237504258856;-0.1310807538613289;-0.05271231972835854
1661426295795;1.7873;-0.2435;-0.0666;0.07740656819449876;-0.9857297329183222;-0.14026478346682178;-0.051680821976135286
1661426295819;1.7844;-0.2439;-0.066;0.07365651157595163;-0.9842020368490609;-0.15288473279804388;-0.05047105548620846
1661426295843;1.7785;-0.2447;-0.0651;0.07014432051485418;-0.9816121618549933;-0.1706350002819941;-0.04900035384198561
1661426295867;1.7706;-0.2458;-0.0641;0.06676851622486521;-0.9780179781938532;-0.1917605944550045;-0.04744126879628287
1661426295891;1.7626;-0.2469;-0.0632;0.06313831801267314;-0.974192585672583;-0.21192991494036764;-0.045255607083163576
1661426295923;1.754;-0.2481;-0.0621;0.05871252455787437;-0.969367178686285;-0.23453367320133617;-0.04329051259250618
1661426295947;1.7496;-0.2487;-0.0616;0.0570927601619234;-0.9668581876099328;-0.24538737232417743;-0.041360600727803926
1661426295971;1.747;-0.249;-0.0613;0.055479578009199976;-0.9652749852615096;-0.2520343168238507;-0.04055764287343068
1661426295995;1.7459;-0.2492;-0.0611;0.05474376372207293;-0.9646599940287195;-0.25452517095788074;-0.04063438941234995
1661426296019;1.7457;-0.2492;-0.0611;0.05477920306693259;-0.9644375116285157;-0.2553668985879416;-0.04058660099989169
1661426296056;1.7457;-0.2492;-0.0611;0.05477920306693259;-0.9644375116285157;-0.2553668985879416;-0.04058660099989169
1661426296083;1.7459;-0.2492;-0.0611;0.05477920306693259;-0.9644375116285157;-0.2553668985879416;-0.04058660099989169
1661426296099;1.7464;-0.2491;-0.0611;0.05477920306693259;-0.9644375116285157;-0.2553668985879416;-0.04058660099989169
1661426296123;1.7485;-0.2489;-0.0609;0.05477920306693259;-0.9644375116285157;-0.2553668985879416;-0.04058660099989169
1661426296147;1.7524;-0.2485;-0.0607;0.05477920306693259;-0.9644375116285157;-0.2553668985879416;-0.04058660099989169
1661426296179;1.7606;-0.2475;-0.0602;0.05477920306693259;-0.9644375116285157;-0.2553668985879416;-0.04058660099989169
1661426296203;1.7689;-0.2466;-0.0597;0.05477920306693259;-0.9644375116285157;-0.2553668985879416;-0.04058660099989169
1661426296227;1.779;-0.2454;-0.0591;0.05477920306693259;-0.9644375116285157;-0.2553668985879416;-0.04058660099989169
1661426296251;1.7901;-0.2442;-0.0585;0.0539375518149997;-0.9644849482646455;-0.255331382864954;-0.040809435176423915
1661426296275;1.8005;-0.243;-0.0579;0.0539375518149997;-0.9644849482646455;-0.255331382864954;-0.040809435176423915
1661426296307;1.8115;-0.2417;-0.0572;0.0539375518149997;-0.9644849482646455;-0.255331382864954;-0.040809435176423915
1661426296331;1.8168;-0.2412;-0.0568;0.0539375518149997;-0.9644849482646455;-0.255331382864954;-0.040809435176423915
1661426296355;1.8187;-0.2412;-0.0566;0.0539375518149997;-0.9644849482646455;-0.255331382864954;-0.040809435176423915
1661426296379;1.8163;-0.2418;-0.0565;0.0539375518149997;-0.9644849482646455;-0.255331382864954;-0.040809435176423915
1661426296403;1.8098;-0.2431;-0.0564;0.0539375518149997;-0.9644849482646455;-0.255331382864954;-0.040809435176423915
1661426296435;1.7962;-0.2458;-0.0564;0.0539375518149997;-0.9644849482646455;-0.255331382864954;-0.040809435176423915
1661426296467;1.7782;-0.2493;-0.0564;0.0539375518149997;-0.9644849482646455;-0.255331382864954;-0.040809435176423915
1661426296491;1.7635;-0.2522;-0.056;0.0539375518149997;-0.9644849482646455;-0.255331382864954;-0.040809435176423915
1661426296515;1.7493;-0.2552;-0.0543;0.0539375518149997;-0.9644849482646455;-0.255331382864954;-0.040809435176423915
1661426296539;1.7369;-0.258;-0.0507;0.0539375518149997;-0.9644849482646455;-0.255331382864954;-0.040809435176423915
1661426296571;1.7234;-0.2618;-0.0416;0.0539375518149997;-0.9644849482646455;-0.255331382864954;-0.040809435176423915
1661426296595;1.7155;-0.2647;-0.0312;0.0539375518149997;-0.9644849482646455;-0.255331382864954;-0.040809435176423915
1661426296620;1.7093;-0.2675;-0.0178;0.0539375518149997;-0.9644849482646455;-0.255331382864954;-0.040809435176423915
1661426296643;1.7044;-0.2706;-0.0015;0.0539375518149997;-0.9644849482646455;-0.255331382864954;-0.040809435176423915
1661426296667;1.7;-0.2738;0.0169;0.0539375518149997;-0.9644849482646455;-0.255331382864954;-0.040809435176423915
1661426296699;1.6943;-0.278;0.0419;0.0539375518149997;-0.9644849482646455;-0.255331382864954;-0.040809435176423915
1661426296723;1.6904;-0.281;0.0591;0.0539375518149997;-0.9644849482646455;-0.255331382864954;-0.040809435176423915
1661426296747;1.6872;-0.2834;0.0735;0.0539375518149997;-0.9644849482646455;-0.255331382864954;-0.040809435176423915
1661426296771;1.6845;-0.285;0.085;0.0539375518149997;-0.9644849482646455;-0.255331382864954;-0.040809435176423915
1661426296795;1.6824;-0.285;0.094;0.05477920306693259;-0.9644375116285157;-0.2553668985879416;-0.04058660099989169
1661426296827;1.6801;-0.2812;0.1025;0.05883535910454339;-0.9637968007683758;-0.2571960591172661;-0.03852680264738994
1661426296851;1.6784;-0.2744;0.1075;0.06431248487823765;-0.9633048700626571;-0.2582005938236182;-0.03521483993269265
1661426296875;1.676;-0.2638;0.1123;0.07235728112609979;-0.9621385187858035;-0.26093569686613155;-0.031087885706253707
1661426296899;1.6724;-0.2488;0.118;0.08330327394239684;-0.9604907693094921;-0.26444321928190717;-0.024245213910365382
1661426296923;1.6669;-0.23;0.1248;0.0970978606575022;-0.9582392669060666;-0.2685803784343948;-0.014631921784146427
1661426296955;1.656;-0.2011;0.1347;0.1187991105926023;-0.9539604327327926;-0.27539241776745593;0.002297898793361914
1661426296979;1.6451;-0.1781;0.1423;0.13607121629587368;-0.9501633797440474;-0.2799078537402045;0.01804908041100999
1661426297003;1.6318;-0.1553;0.1494;0.15291902120613998;-0.9457631299101801;-0.2841326037837173;0.037636930307093114
1661426297027;1.6166;-0.1338;0.1561;0.16938079145048152;-0.9406528371022751;-0.28840309560023064;0.05749819116505595
1661426297051;1.6;-0.1143;0.1621;0.18366715891147778;-0.935656224937031;-0.29045102364451797;0.08032438196351976
