1661426409356;0.4558;0.1866;0.3139;-0.03823764917688785;-0.7366313667221647;-0.08481480182214582;0.6698645841797664
1661426409381;0.4558;0.1866;0.3139;-0.03823764917688785;-0.7366313667221647;-0.08481480182214582;0.6698645841797664
1661426409396;0.4558;0.1866;0.3139;-0.03823764917688785;-0.7366313667221647;-0.08481480182214582;0.6698645841797664
1661426409420;0.4558;0.1866;0.3139;-0.03823764917688785;-0.7366313667221647;-0.08481480182214582;0.6698645841797664
1661426409436;0.4558;0.1866;0.3139;-0.03823764917688785;-0.7366313667221647;-0.08481480182214582;0.6698645841797664
1661426409460;0.4558;0.1866;0.3139;-0.03823764917688785;-0.7366313667221647;-0.08481480182214582;0.6698645841797664
1661426409476;0.4558;0.1866;0.3139;-0.03823764917688785;-0.7366313667221647;-0.08481480182214582;0.6698645841797664
1661426409492;0.4558;0.1866;0.3139;-0.03823764917688785;-0.7366313667221647;-0.08481480182214582;0.6698645841797664
1661426409508;0.4558;0.1866;0.3139;-0.03823764917688785;-0.7366313667221647;-0.08481480182214582;0.6698645841797664
1661426409524;0.4558;0.1866;0.3139;-0.03823764917688785;-0.7366313667221647;-0.08481480182214582;0.6698645841797664
1661426409540;0.4558;0.1866;0.3139;-0.03823764917688785;-0.7366313667221647;-0.08481480182214582;0.6698645841797664
1661426409556;0.4558;0.1866;0.3139;-0.03823764917688785;-0.7366313667221647;-0.08481480182214582;0.6698645841797664
1661426409588;0.4558;0.1866;0.3139;-0.03823764917688785;-0.7366313667221647;-0.08481480182214582;0.6698645841797664
1661426409604;0.4558;0.1866;0.3139;-0.03823764917688785;-0.7366313667221647;-0.08481480182214582;0.6698645841797664
1661426409620;0.4558;0.1866;0.3139;-0.03823764917688785;-0.7366313667221647;-0.08481480182214582;0.6698645841797664
1661426409636;0.4558;0.1866;0.3139;-0.03823764917688785;-0.7366313667221647;-0.08481480182214582;0.6698645841797664
1661426409652;0.4558;0.1866;0.3139;-0.03823764917688785;-0.7366313667221647;-0.08481480182214582;0.6698645841797664
1661426409668;0.4558;0.1866;0.3139;-0.03823764917688785;-0.7366313667221647;-0.08481480182214582;0.6698645841797664
1661426409684;0.4558;0.1866;0.3139;-0.03823764917688785;-0.7366313667221647;-0.08481480182214582;0.6698645841797664
1661426409700;0.4558;0.1866;0.3139;-0.03823764917688785;-0.7366313667221647;-0.08481480182214582;0.6698645841797664
1661426409716;0.4558;0.1866;0.3139;-0.03788207185990283;-0.7371009500069903;-0.08516414059014868;0.6693236939537812
1661426409732;0.4558;0.1866;0.314;-0.03788207185990283;-0.7371009500069903;-0.08516414059014868;0.6693236939537812
1661426409748;0.4558;0.1866;0.314;-0.03788207185990283;-0.7371009500069903;-0.08516414059014868;0.6693236939537812
1661426409764;0.4558;0.1866;0.314;-0.03788207185990283;-0.7371009500069903;-0.08516414059014868;0.6693236939537812
1661426409781;0.4559;0.1866;0.314;-0.03788207185990283;-0.7371009500069903;-0.08516414059014868;0.6693236939537812
1661426409796;0.4559;0.1865;0.314;-0.03788207185990283;-0.7371009500069903;-0.08516414059014868;0.6693236939537812
1661426409812;0.4559;0.1865;0.3141;-0.03788207185990283;-0.7371009500069903;-0.08516414059014868;0.6693236939537812
1661426409828;0.4559;0.1865;0.3141;-0.03788207185990283;-0.7371009500069903;-0.08516414059014868;0.6693236939537812
1661426409852;0.4559;0.1865;0.3141;-0.03788207185990283;-0.7371009500069903;-0.08516414059014868;0.6693236939537812
1661426409876;0.4559;0.1865;0.3141;-0.03788207185990283;-0.7371009500069903;-0.08516414059014868;0.6693236939537812
1661426409892;0.4559;0.1865;0.3141;-0.03788207185990283;-0.7371009500069903;-0.08516414059014868;0.6693236939537812
1661426409908;0.4559;0.1865;0.3141;-0.03788207185990283;-0.7371009500069903;-0.08516414059014868;0.6693236939537812
1661426409924;0.4559;0.1865;0.3141;-0.03788207185990283;-0.7371009500069903;-0.08516414059014868;0.6693236939537812
1661426409940;0.4559;0.1865;0.3141;-0.03788207185990283;-0.7371009500069903;-0.08516414059014868;0.6693236939537812
1661426409972;0.4559;0.1865;0.3141;-0.03788207185990283;-0.7371009500069903;-0.08516414059014868;0.6693236939537812
1661426409988;0.4559;0.1865;0.3141;-0.03788207185990283;-0.7371009500069903;-0.08516414059014868;0.6693236939537812
1661426410004;0.4559;0.1865;0.3141;-0.03788207185990283;-0.7371009500069903;-0.08516414059014868;0.6693236939537812
1661426410020;0.4559;0.1865;0.3141;-0.03788207185990283;-0.7371009500069903;-0.08516414059014868;0.6693236939537812
1661426410036;0.4559;0.1865;0.3141;-0.03788207185990283;-0.7371009500069903;-0.08516414059014868;0.6693236939537812
1661426410052;0.4559;0.1865;0.3141;-0.03788207185990283;-0.7371009500069903;-0.08516414059014868;0.6693236939537812
1661426410076;0.4559;0.1865;0.3141;-0.03788207185990283;-0.7371009500069903;-0.08516414059014868;0.6693236939537812
1661426410100;0.4559;0.1865;0.3141;-0.03788207185990283;-0.7371009500069903;-0.08516414059014868;0.6693236939537812
1661426410116;0.4559;0.1865;0.3141;-0.03788207185990283;-0.7371009500069903;-0.08516414059014868;0.6693236939537812
1661426410132;0.4559;0.1865;0.3141;-0.03788207185990283;-0.7371009500069903;-0.08516414059014868;0.6693236939537812
1661426410149;0.4559;0.1865;0.3141;-0.03788207185990283;-0.7371009500069903;-0.08516414059014868;0.6693236939537812
1661426410164;0.4559;0.1865;0.3141;-0.03788207185990283;-0.7371009500069903;-0.08516414059014868;0.6693236939537812
1661426410180;0.4559;0.1865;0.3141;-0.03788207185990283;-0.7371009500069903;-0.08516414059014868;0.6693236939537812
1661426410204;0.4559;0.1865;0.3141;-0.03788207185990283;-0.7371009500069903;-0.08516414059014868;0.6693236939537812
1661426410228;0.4559;0.1865;0.3141;-0.03788207185990283;-0.7371009500069903;-0.08516414059014868;0.6693236939537812
1661426410244;0.4559;0.1865;0.3141;-0.03788207185990283;-0.7371009500069903;-0.08516414059014868;0.6693236939537812
1661426410260;0.4559;0.1865;0.3141;-0.03788207185990283;-0.7371009500069903;-0.08516414059014868;0.6693236939537812
1661426410276;0.4559;0.1865;0.3141;-0.03788207185990283;-0.7371009500069903;-0.08516414059014868;0.6693236939537812
1661426410284;0.4559;0.1865;0.3141;-0.03788207185990283;-0.7371009500069903;-0.08516414059014868;0.6693236939537812
1661426410300;0.4559;0.1865;0.3141;-0.03788207185990283;-0.7371009500069903;-0.08516414059014868;0.6693236939537812
1661426410316;0.4559;0.1865;0.3141;-0.03788207185990283;-0.7371009500069903;-0.08516414059014868;0.6693236939537812
1661426410341;0.4559;0.1865;0.3141;-0.03788207185990283;-0.7371009500069903;-0.08516414059014868;0.6693236939537812
1661426410364;0.4559;0.1865;0.3141;-0.03788207185990283;-0.7371009500069903;-0.08516414059014868;0.6693236939537812
1661426410380;0.4559;0.1865;0.3141;-0.03788207185990283;-0.7371009500069903;-0.08516414059014868;0.6693236939537812
1661426410404;0.4559;0.1865;0.3141;-0.03788207185990283;-0.7371009500069903;-0.08516414059014868;0.6693236939537812
1661426410420;0.4559;0.1865;0.3141;-0.03788207185990283;-0.7371009500069903;-0.08516414059014868;0.6693236939537812
1661426410436;0.4559;0.1865;0.3141;-0.03788207185990283;-0.7371009500069903;-0.08516414059014868;0.6693236939537812
1661426410452;0.4559;0.1865;0.3141;-0.03788207185990283;-0.7371009500069903;-0.08516414059014868;0.6693236939537812
1661426410484;0.4559;0.1865;0.3141;-0.03788207185990283;-0.7371009500069903;-0.08516414059014868;0.6693236939537812
1661426410500;0.4559;0.1865;0.3141;-0.03788207185990283;-0.7371009500069903;-0.08516414059014868;0.6693236939537812
1661426410516;0.4559;0.1865;0.3141;-0.03788207185990283;-0.7371009500069903;-0.08516414059014868;0.6693236939537812
1661426410532;0.4559;0.1865;0.3141;-0.03788207185990283;-0.7371009500069903;-0.08516414059014868;0.6693236939537812
1661426410549;0.4559;0.1865;0.3141;-0.03788207185990283;-0.7371009500069903;-0.08516414059014868;0.6693236939537812
1661426410564;0.4559;0.1865;0.3141;-0.03788207185990283;-0.7371009500069903;-0.08516414059014868;0.6693236939537812
1661426410580;0.4559;0.1865;0.3141;-0.03788207185990283;-0.7371009500069903;-0.08516414059014868;0.6693236939537812
1661426410596;0.4559;0.1865;0.3141;-0.03788207185990283;-0.7371009500069903;-0.08516414059014868;0.6693236939537812
1661426410620;0.4559;0.1865;0.3141;-0.03788207185990283;-0.7371009500069903;-0.08516414059014868;0.6693236939537812
1661426410636;0.4559;0.1865;0.3141;-0.03788207185990283;-0.7371009500069903;-0.08516414059014868;0.6693236939537812
1661426410652;0.4559;0.1865;0.3141;-0.03788207185990283;-0.7371009500069903;-0.08516414059014868;0.6693236939537812
1661426410676;0.4559;0.1865;0.3141;-0.03788207185990283;-0.7371009500069903;-0.08516414059014868;0.6693236939537812
1661426410692;0.4559;0.1865;0.3141;-0.03788207185990283;-0.7371009500069903;-0.08516414059014868;0.6693236939537812
1661426410700;0.4559;0.1865;0.3141;-0.03788207185990283;-0.7371009500069903;-0.08516414059014868;0.6693236939537812
1661426410716;0.4559;0.1865;0.3141;-0.03788207185990283;-0.7371009500069903;-0.08516414059014868;0.6693236939537812
1661426410724;0.4559;0.1865;0.3141;-0.03788207185990283;-0.7371009500069903;-0.08516414059014868;0.6693236939537812
1661426410749;0.4559;0.1865;0.3141;-0.03788207185990283;-0.7371009500069903;-0.08516414059014868;0.6693236939537812
1661426410764;0.4559;0.1865;0.3141;-0.03788207185990283;-0.7371009500069903;-0.08516414059014868;0.6693236939537812
1661426410780;0.4559;0.1865;0.3141;-0.03788207185990283;-0.7371009500069903;-0.08516414059014868;0.6693236939537812
1661426410804;0.4559;0.1865;0.3141;-0.03788207185990283;-0.7371009500069903;-0.08516414059014868;0.6693236939537812
1661426410820;0.4559;0.1865;0.3141;-0.03788207185990283;-0.7371009500069903;-0.08516414059014868;0.6693236939537812
1661426410836;0.4559;0.1865;0.3141;-0.03788207185990283;-0.7371009500069903;-0.08516414059014868;0.6693236939537812
1661426410852;0.4559;0.1865;0.3141;-0.03788207185990283;-0.7371009500069903;-0.08516414059014868;0.6693236939537812
1661426410884;0.4559;0.1865;0.3141;-0.03788207185990283;-0.7371009500069903;-0.08516414059014868;0.6693236939537812
1661426410900;0.4559;0.1865;0.3141;-0.03788207185990283;-0.7371009500069903;-0.08516414059014868;0.6693236939537812
1661426410908;0.4559;0.1865;0.3141;-0.03788207185990283;-0.7371009500069903;-0.08516414059014868;0.6693236939537812
1661426410924;0.4559;0.1865;0.3141;-0.03788207185990283;-0.7371009500069903;-0.08516414059014868;0.6693236939537812
1661426410940;0.4559;0.1865;0.3141;-0.03788207185990283;-0.7371009500069903;-0.08516414059014868;0.6693236939537812
1661426410956;0.4559;0.1865;0.3141;-0.03788207185990283;-0.7371009500069903;-0.08516414059014868;0.6693236939537812
1661426410972;0.4559;0.1865;0.3141;-0.03788207185990283;-0.7371009500069903;-0.08516414059014868;0.6693236939537812
1661426410996;0.4559;0.1865;0.3141;-0.03788207185990283;-0.7371009500069903;-0.08516414059014868;0.6693236939537812
1661426411012;0.4559;0.1865;0.3141;-0.03788207185990283;-0.7371009500069903;-0.08516414059014868;0.6693236939537812
1661426411028;0.4559;0.1865;0.3141;-0.03788207185990283;-0.7371009500069903;-0.08516414059014868;0.6693236939537812
1661426411044;0.4559;0.1865;0.3141;-0.03788207185990283;-0.7371009500069903;-0.08516414059014868;0.6693236939537812
1661426411060;0.4559;0.1865;0.3141;-0.03788207185990283;-0.7371009500069903;-0.08516414059014868;0.6693236939537812
1661426411076;0.4559;0.1865;0.3141;-0.03788207185990283;-0.7371009500069903;-0.08516414059014868;0.6693236939537812
1661426411092;0.4559;0.1865;0.3141;-0.03788207185990283;-0.7371009500069903;-0.08516414059014868;0.6693236939537812
1661426411108;0.4559;0.1865;0.3141;-0.03788207185990283;-0.7371009500069903;-0.08516414059014868;0.6693236939537812
1661426411140;0.4559;0.1865;0.3141;-0.03788207185990283;-0.7371009500069903;-0.08516414059014868;0.6693236939537812
1661426411157;0.4559;0.1865;0.3141;-0.03788207185990283;-0.7371009500069903;-0.08516414059014868;0.6693236939537812
1661426411172;0.4559;0.1865;0.3141;-0.03788207185990283;-0.7371009500069903;-0.08516414059014868;0.6693236939537812
1661426411188;0.4559;0.1865;0.3141;-0.03788207185990283;-0.7371009500069903;-0.08516414059014868;0.6693236939537812
1661426411204;0.4559;0.1865;0.3141;-0.03788207185990283;-0.7371009500069903;-0.08516414059014868;0.6693236939537812
1661426411228;0.4559;0.1865;0.3141;-0.03788207185990283;-0.7371009500069903;-0.08516414059014868;0.6693236939537812
1661426411252;0.4559;0.1865;0.3141;-0.03788207185990283;-0.7371009500069903;-0.08516414059014868;0.6693236939537812
1661426411268;0.4559;0.1865;0.3141;-0.03788207185990283;-0.7371009500069903;-0.08516414059014868;0.6693236939537812
1661426411284;0.4559;0.1865;0.3141;-0.03788207185990283;-0.7371009500069903;-0.08516414059014868;0.6693236939537812
1661426411300;0.4559;0.1865;0.3141;-0.03788207185990283;-0.7371009500069903;-0.08516414059014868;0.6693236939537812
1661426411316;0.4559;0.1865;0.3141;-0.03788207185990283;-0.7371009500069903;-0.08516414059014868;0.6693236939537812
1661426411333;0.4559;0.1865;0.3141;-0.03788207185990283;-0.7371009500069903;-0.08516414059014868;0.6693236939537812
1661426411348;0.4559;0.1865;0.3141;-0.03788207185990283;-0.7371009500069903;-0.08516414059014868;0.6693236939537812
1661426411364;0.4559;0.1865;0.3141;-0.03788207185990283;-0.7371009500069903;-0.08516414059014868;0.6693236939537812
1661426411388;0.4559;0.1865;0.3141;-0.03788207185990283;-0.7371009500069903;-0.08516414059014868;0.6693236939537812
1661426411404;0.4559;0.1865;0.3141;-0.03788207185990283;-0.7371009500069903;-0.08516414059014868;0.6693236939537812
1661426411428;0.4559;0.1865;0.3141;-0.03788207185990283;-0.7371009500069903;-0.08516414059014868;0.6693236939537812
1661426411444;0.4559;0.1865;0.3141;-0.03788207185990283;-0.7371009500069903;-0.08516414059014868;0.6693236939537812
1661426411460;0.4559;0.1865;0.3141;-0.03788207185990283;-0.7371009500069903;-0.08516414059014868;0.6693236939537812
1661426411476;0.4559;0.1865;0.3141;-0.03788207185990283;-0.7371009500069903;-0.08516414059014868;0.6693236939537812
1661426411492;0.4559;0.1865;0.3141;-0.03788207185990283;-0.7371009500069903;-0.08516414059014868;0.6693236939537812
1661426411516;0.4559;0.1865;0.3141;-0.03788207185990283;-0.7371009500069903;-0.08516414059014868;0.6693236939537812
1661426411532;0.4559;0.1865;0.3141;-0.03788207185990283;-0.7371009500069903;-0.08516414059014868;0.6693236939537812
1661426411548;0.4559;0.1865;0.3141;-0.03788207185990283;-0.7371009500069903;-0.08516414059014868;0.6693236939537812
1661426411564;0.4559;0.1865;0.3141;-0.03788207185990283;-0.7371009500069903;-0.08516414059014868;0.6693236939537812
1661426411580;0.4559;0.1865;0.3141;-0.03788207185990283;-0.7371009500069903;-0.08516414059014868;0.6693236939537812
1661426411596;0.4559;0.1865;0.3141;-0.03788207185990283;-0.7371009500069903;-0.08516414059014868;0.6693236939537812
1661426411612;0.4559;0.1865;0.3141;-0.03788207185990283;-0.7371009500069903;-0.08516414059014868;0.6693236939537812
1661426411636;0.4559;0.1865;0.3141;-0.03788207185990283;-0.7371009500069903;-0.08516414059014868;0.6693236939537812
1661426411652;0.4559;0.1865;0.3141;-0.03788207185990283;-0.7371009500069903;-0.08516414059014868;0.6693236939537812
1661426411668;0.4559;0.1865;0.3141;-0.03788207185990283;-0.7371009500069903;-0.08516414059014868;0.6693236939537812
1661426411684;0.4559;0.1865;0.3141;-0.03788207185990283;-0.7371009500069903;-0.08516414059014868;0.6693236939537812
1661426411700;0.4559;0.1865;0.3141;-0.03788207185990283;-0.7371009500069903;-0.08516414059014868;0.6693236939537812
1661426411717;0.4559;0.1865;0.3141;-0.03788207185990283;-0.7371009500069903;-0.08516414059014868;0.6693236939537812
1661426411740;0.4559;0.1865;0.3141;-0.03788207185990283;-0.7371009500069903;-0.08516414059014868;0.6693236939537812
1661426411764;0.4559;0.1865;0.3141;-0.03788207185990283;-0.7371009500069903;-0.08516414059014868;0.6693236939537812
1661426411780;0.4559;0.1865;0.3141;-0.03788207185990283;-0.7371009500069903;-0.08516414059014868;0.6693236939537812
1661426411796;0.4559;0.1865;0.3141;-0.03788207185990283;-0.7371009500069903;-0.08516414059014868;0.6693236939537812
1661426411812;0.4559;0.1865;0.3141;-0.03788207185990283;-0.7371009500069903;-0.08516414059014868;0.6693236939537812
1661426411828;0.4559;0.1865;0.3141;-0.03788207185990283;-0.7371009500069903;-0.08516414059014868;0.6693236939537812
1661426411844;0.4559;0.1865;0.3141;-0.03788207185990283;-0.7371009500069903;-0.08516414059014868;0.6693236939537812
1661426411860;0.4559;0.1865;0.3141;-0.03788207185990283;-0.7371009500069903;-0.08516414059014868;0.6693236939537812
1661426411868;0.4559;0.1865;0.3141;-0.03788207185990283;-0.7371009500069903;-0.08516414059014868;0.6693236939537812
1661426411892;0.456;0.1865;0.3141;-0.03788207185990283;-0.7371009500069903;-0.08516414059014868;0.6693236939537812
1661426411908;0.4564;0.1865;0.3142;-0.03729796239856051;-0.7371749890632348;-0.08452086631883263;0.6693564974341023
1661426411932;0.4576;0.1863;0.3147;-0.03794125465102438;-0.7371421597595479;-0.08510495779902719;0.6692824842012235
1661426411948;0.4591;0.186;0.3152;-0.03800050927655535;-0.7371832661559353;-0.08504570317349597;0.6692413778048362
1661426411964;0.4613;0.1857;0.316;-0.037706879487576006;-0.7376951294593121;-0.08533300070844968;0.6686571365067525
1661426411980;0.4643;0.1852;0.3171;-0.03747630553676726;-0.7382495586954326;-0.0855571487050116;0.6680292582774967
1661426411996;0.4683;0.1845;0.3185;-0.037249544061544265;-0.7388054273447883;-0.08577739053066041;0.6673988696925119
1661426412020;0.4764;0.1831;0.3214;-0.03680750310560604;-0.739921402114626;-0.086206111121399;0.6661306424517506
1661426412036;0.4834;0.1819;0.3238;-0.036314394518644405;-0.7409989925599636;-0.08668552462235854;0.6648965164571173
1661426412052;0.4917;0.1804;0.3265;-0.035901099000907516;-0.742125126765214;-0.0870847503750086;0.6636095641010341
1661426412068;0.5013;0.1786;0.3296;-0.036151944973691424;-0.7432252109722242;-0.08804600388228803;0.6622365316488303
1661426412092;0.5182;0.1754;0.3349;-0.03533047148657631;-0.7454569225604103;-0.0888371654836135;0.6596618015469258
1661426412109;0.5313;0.1728;0.3387;-0.03415668232848945;-0.7472073073497325;-0.08876121762678638;0.6577507180846581
1661426412132;0.5535;0.1681;0.3448;-0.03353487615447903;-0.7504496215646173;-0.09055902796562404;0.6538347191980152
1661426412157;0.5791;0.1624;0.3512;-0.03244505081317048;-0.7537961185698009;-0.09159544516416479;0.649883839414408
1661426412172;0.598;0.158;0.3556;-0.03177794551802213;-0.7560405261117585;-0.09222505569610559;0.6472151297344332
1661426412188;0.6185;0.153;0.36;-0.03152321580570405;-0.7587512757671607;-0.09365483264850315;0.6438412542766687
1661426412205;0.6407;0.1473;0.3643;-0.030773763642355817;-0.7615554761288112;-0.09435242464250822;0.6404559721117322
1661426412228;0.677;0.1374;0.3704;-0.02903028454352441;-0.766079400879515;-0.09478529941318589;0.6350553843111308
1661426412244;0.7033;0.1298;0.3741;-0.028461837821485647;-0.7689096007752874;-0.09529626200811124;0.6315746765590694
1661426412260;0.7313;0.1213;0.3775;-0.028371448558546425;-0.7722084761378155;-0.09653595417976021;0.627351528122954
1661426412284;0.776;0.1068;0.3815;-0.027201497837494287;-0.7777207470148606;-0.09757695798440041;0.6203944353784571
1661426412300;0.807;0.0961;0.3835;-0.026665221408379167;-0.7810572314293786;-0.09803130447108312;0.6161399439598231
1661426412316;0.839;0.0845;0.3847;-0.02597258804764474;-0.7848783119731245;-0.09862403230828846;0.6111994439751885
1661426412332;0.8714;0.0724;0.3851;-0.024771430145298395;-0.7881740186076468;-0.09851837480790361;0.6070108915543766
1661426412349;0.9042;0.0595;0.3847;-0.023766422067677137;-0.791792807370281;-0.09941590720175235;0.6021758752839927
1661426412364;0.9374;0.0459;0.3835;-0.0226449860560555;-0.7953318182690569;-0.10042527091718977;0.5973686202141573
1661426412380;0.9707;0.0318;0.3815;-0.021385396820114227;-0.7987849747650205;-0.1015681954265721;0.5925952502090119
1661426412404;1.0204;0.0099;0.3768;-0.018159560083429865;-0.8039548703032089;-0.10338908090472458;0.5853524535209563
1661426412428;1.0695;-0.0128;0.3704;-0.014622646071283885;-0.808634847136487;-0.10672409839653166;0.5783647889004581
1661426412444;1.1018;-0.0282;0.365;-0.010991260581400708;-0.8118529177070304;-0.10899272894320826;0.5734933454181712
1661426412460;1.1338;-0.0439;0.3589;-0.0075605993513016;-0.8147956833277922;-0.11226521895014954;0.5687243201955761
1661426412476;1.1656;-0.0599;0.3521;-0.002838219573586348;-0.8179718613061804;-0.11559714459333523;0.5635168842038564
1661426412492;1.1972;-0.076;0.3444;0.00247578506709048;-0.8207913257092659;-0.11951710042230078;0.5585795671481125
1661426412508;1.2286;-0.0923;0.336;0.007976620224268427;-0.8236185494801523;-0.12480010469907002;0.5531851338829603
1661426412532;1.2747;-0.117;0.3223;0.016841427334780307;-0.82728906642372;-0.13332148980701236;0.5454672742307607
1661426412549;1.3048;-0.1334;0.3124;0.023388644513617468;-0.8297477805414871;-0.1396041761451192;0.5398909760286185
1661426412564;1.3341;-0.1497;0.3021;0.030878648197329606;-0.8318820788507296;-0.14562649163740776;0.5346135435114546
1661426412580;1.3626;-0.1657;0.2915;0.038182464042566616;-0.8340812883791308;-0.15262107603806485;0.5287317949248282
1661426412596;1.3902;-0.1814;0.2808;0.04643800195951933;-0.8358980578596262;-0.15936885499482756;0.5231821068214683
1661426412612;1.4168;-0.1965;0.27;0.054178264182156405;-0.8373981950492269;-0.16677829631031288;0.5177006649583669
1661426412628;1.442;-0.2108;0.2593;0.06292984391957149;-0.8389960411224261;-0.1739788744583671;0.5117194826927686
1661426412644;1.4659;-0.2243;0.249;0.07078094580024222;-0.8399849573323569;-0.18147721742629963;0.5064398767101475
1661426412669;1.4986;-0.2425;0.2346;0.08296421638257861;-0.8413278388364782;-0.1930771427886923;0.4980016298480563
1661426412684;1.5184;-0.2532;0.2257;0.0906273849722268;-0.8419538932906014;-0.20035627550483093;0.49270445657790296
1661426412700;1.5365;-0.2628;0.2177;0.09845311626652634;-0.8422211500923334;-0.20665850041295325;0.48812168814920154
1661426412716;1.553;-0.2714;0.2104;0.10607177387847772;-0.8425011401042923;-0.21275140374307822;0.4834019527418051
1661426412732;1.568;-0.2789;0.2038;0.11264067206357736;-0.8424233496306448;-0.21898016159339617;0.47925219647141937
1661426412748;1.5814;-0.2854;0.198;0.11970262346594077;-0.8423333416527188;-0.2245442318532616;0.4751060001904459
1661426412788;1.6088;-0.2982;0.1863;0.1336992758352198;-0.8418754810065381;-0.23554414735971962;0.46678596033485265
1661426412804;1.6174;-0.302;0.1819;0.13795870401210147;-0.8418009428442091;-0.23955221068820284;0.46363057164977484
1661426412821;1.6247;-0.305;0.1769;0.14139551283164364;-0.8413158888736404;-0.24280715160575916;0.4617787037195746
1661426412844;1.6336;-0.3078;0.1669;0.1461007374432228;-0.8413106994903202;-0.24612020683243976;0.45855831170137096
1661426412860;1.6384;-0.3085;0.1578;0.1483822107012952;-0.8407485857729587;-0.24829126569981538;0.4576854623487074
1661426412884;1.644;-0.308;0.1397;0.15033480168992513;-0.8405123838443906;-0.25013275753227115;0.45647780188566933
1661426412900;1.6468;-0.3066;0.1249;0.15152724721920463;-0.8404628463620271;-0.25125075690800774;0.4555598252571915
1661426412924;1.6501;-0.3033;0.0997;0.15189478754076877;-0.8400392890109442;-0.252711491811983;0.45541065901238437
1661426412940;1.6517;-0.3007;0.0825;0.1526605680678697;-0.8398326493941373;-0.25343943512062156;0.4551311071488736
1661426412956;1.6528;-0.2981;0.0661;0.1522633331720495;-0.8396111620077983;-0.25417223076990636;0.45526415530843367
1661426412981;1.654;-0.2945;0.0451;0.1522633331720495;-0.8396111620077983;-0.25417223076990636;0.45526415530843367
1661426413004;1.6546;-0.2918;0.0299;0.1518659823210774;-0.8393890352210353;-0.2549048328559806;0.455396856764535
1661426413020;1.6549;-0.2906;0.0232;0.1522633331720495;-0.8396111620077983;-0.25417223076990636;0.45526415530843367
1661426413044;1.6551;-0.2896;0.0172;0.15119455180699196;-0.8400978130759914;-0.2542334023418952;0.45468807890957874
1661426413061;1.6552;-0.2893;0.0152;0.15128729289340304;-0.8405988881684076;-0.25428737923512434;0.4536998930799462
1661426413084;1.6552;-0.2893;0.0137;0.15078477213978575;-0.8423087991967064;-0.25370709480758485;0.4510128039544453
1661426413100;1.6552;-0.2893;0.0129;0.14986965117026982;-0.8437967735535703;-0.253841637167905;0.44845347120811097
1661426413116;1.6552;-0.2894;0.0119;0.14865951310227132;-0.8461385143712749;-0.2536388760649956;0.4445416563273385
1661426413132;1.6553;-0.2894;0.0107;0.14820801783806914;-0.8488532768021083;-0.2530258825240102;0.439841335806197
1661426413148;1.6553;-0.2895;0.0091;0.1465917647738667;-0.8520454113759294;-0.2523696657911579;0.43455612208570493
1661426413172;1.6553;-0.2897;0.0063;0.14425617365068213;-0.8579413948482129;-0.25082036416851383;0.4245183909890612
1661426413188;1.6553;-0.2899;0.0041;0.14243365666365052;-0.8626299673318489;-0.24981517980645138;0.4161424862336756
1661426413212;1.6554;-0.2901;0.0002;0.13839047407575528;-0.8704055381759925;-0.24857636608503225;0.40181098295294115
1661426413236;1.6554;-0.2904;-0.0041;0.1345549510834044;-0.8785073307732182;-0.24634701325335906;0.38656562699987623
1661426413260;1.6555;-0.2907;-0.0086;0.13121362368907968;-0.8870348697172601;-0.24442261184017278;0.36906599909134447
1661426413284;1.6556;-0.291;-0.0132;0.12692259689195245;-0.8952467721913538;-0.24258310462338678;0.3515356434708211
1661426413316;1.6556;-0.2913;-0.019;0.12150143333391884;-0.9047217708534852;-0.24039540574006155;0.33003934301929566
1661426413340;1.6557;-0.2916;-0.0228;0.11814605850043977;-0.9109537437703452;-0.2383762306063685;0.31524840721802644
1661426413373;1.6557;-0.2919;-0.027;0.11499186449250066;-0.917382482543237;-0.23638733024624953;0.2988432397133931
1661426413396;1.6558;-0.292;-0.0297;0.11302600659700736;-0.9209448178474151;-0.2359119539586138;0.2888447927385112
1661426413412;1.656;-0.2921;-0.0314;0.11223932163465866;-0.9229106589762825;-0.23480573324547865;0.283733180756162
1661426413444;1.6566;-0.2923;-0.0349;0.1122447882981809;-0.9258928744678786;-0.23416513407194936;0.27439056560780645
1661426413468;1.6573;-0.2925;-0.0377;0.11409451711251475;-0.9276007276442266;-0.23346988137469618;0.2683861876655518
1661426413492;1.6582;-0.2926;-0.0407;0.11621426468612273;-0.9288383998529878;-0.23311968227990887;0.26345528154834796
1661426413516;1.6593;-0.2928;-0.0441;0.11912552250509686;-0.9299485945284997;-0.23253384193225912;0.25871361343883514
1661426413540;1.6605;-0.293;-0.0479;0.12260918371613609;-0.9307211021858046;-0.2325371993129721;0.2542669246091259
1661426413573;1.6624;-0.2933;-0.0535;0.12841171839906618;-0.9322419155602942;-0.23154863800528622;0.24661846988449423
1661426413604;1.6641;-0.2935;-0.0586;0.13261264899340433;-0.9333593270851676;-0.23117916672831224;0.24043802681955026
1661426413622;1.6648;-0.2936;-0.0607;0.13470381623979663;-0.9338976920337342;-0.23099709176574756;0.23734010680933482
1661426413644;1.6659;-0.2935;-0.0634;0.1375224173139393;-0.934840502712947;-0.2304210195472871;0.23252305901635634
1661426413668;1.6671;-0.293;-0.0655;0.140321852553228;-0.9357550373933868;-0.2298442660931006;0.22769255814157682
1661426413700;1.6691;-0.2916;-0.0673;0.14233078727810267;-0.937906115289152;-0.22924338017584436;0.217994354380018
1661426413724;1.6709;-0.2899;-0.068;0.1440019728645886;-0.9398942469127352;-0.22837599643170897;0.20906133235314725
1661426413748;1.6731;-0.2876;-0.0681;0.1447995295311798;-0.9426408352537817;-0.22654949033104543;0.19782992794404225
1661426413772;1.6757;-0.2847;-0.0681;0.14594372890228408;-0.9454530935043548;-0.22498785920121084;0.18493063345265026
1661426413797;1.6788;-0.2813;-0.068;0.14816457217859796;-0.9488002674776934;-0.22237234198242317;0.1684513386905627
1661426413828;1.6836;-0.276;-0.0679;0.15108731049940233;-0.9532875520036113;-0.2190919008459547;0.14287829360937243
1661426413852;1.6874;-0.2718;-0.0678;0.15360623986023586;-0.9564285260200206;-0.21583104605448855;0.12274590522781545
1661426413876;1.691;-0.2678;-0.0677;0.15638606902902802;-0.959087607116262;-0.21207547096408957;0.10352948326448184
1661426413904;1.6948;-0.2636;-0.0676;0.1587435873862178;-0.9612572256351363;-0.2089683644627403;0.08436374980856505
1661426413924;1.6971;-0.2611;-0.0675;0.1601815757892302;-0.9626542518794231;-0.20623582800680862;0.07145234329602869
1661426413956;1.7007;-0.2579;-0.0675;0.1621628618403929;-0.9644040998314191;-0.20134618546332855;0.055566645277998275
1661426413980;1.7036;-0.2561;-0.0674;0.16239883189276422;-0.9657600352848119;-0.1968686714457017;0.04665725934673863
1661426414004;1.7067;-0.2549;-0.0673;0.1623526291433333;-0.9670637427909027;-0.19219953936834902;0.03858339352743195
1661426414028;1.71;-0.2541;-0.0673;0.1608989041003902;-0.9686855154140858;-0.18624760321367048;0.03273751950596641
1661426414052;1.7133;-0.2538;-0.0672;0.15889775018096716;-0.9703307262145354;-0.17984017006432415;0.02944995726030999
1661426414084;1.7174;-0.2536;-0.0672;0.15620364461463754;-0.9723375397798276;-0.17186978648477316;0.024917998268212095
1661426414108;1.7201;-0.2535;-0.0671;0.15477795218855298;-0.9734698873897969;-0.16695223330239503;0.02295899947639584
1661426414132;1.7221;-0.2535;-0.0671;0.1534580852541778;-0.9744061567198978;-0.16300685626091915;0.02029834053343975
1661426414156;1.7234;-0.2535;-0.0671;0.15279853577576924;-0.9749366370849174;-0.16060431367629927;0.018905437389755104
1661426414181;1.7244;-0.2534;-0.0671;0.15128125605738799;-0.9755923571308552;-0.15821360823161276;0.01737781470422412
1661426414212;1.7252;-0.2532;-0.0671;0.14929440113042516;-0.9761479476500051;-0.15706562703019078;0.013294919909642346
1661426414236;1.726;-0.253;-0.0672;0.1471589673407076;-0.9767181765755827;-0.1557705283952023;0.010068980165085242
1661426414260;1.7271;-0.2527;-0.0672;0.1435711667686363;-0.97759517437891;-0.15385859814891975;0.004746248983199527
1661426414284;1.7284;-0.2523;-0.0673;0.13909862887127175;-0.9785589460200154;-0.15189956145079755;-0.0006955870788193097
1661426414308;1.7299;-0.2519;-0.0674;0.13483661102001412;-0.9795304647389617;-0.14925137099152325;-0.00794891401776772
1661426414340;1.7323;-0.2513;-0.0675;0.12754465595047632;-0.980960827381333;-0.14516921327738191;-0.019342062925947083
1661426414364;1.7342;-0.2508;-0.0676;0.12154651544689023;-0.9819334824157853;-0.14236922834517546;-0.02764206059480196
1661426414389;1.7358;-0.2503;-0.0677;0.11723225639574952;-0.9824901309061994;-0.1403746686221833;-0.03556252439707715
1661426414412;1.7373;-0.2499;-0.0678;0.11265319585961946;-0.9831011186772604;-0.13812549504828225;-0.0417468027015293
1661426414441;1.7386;-0.2496;-0.0679;0.10900619878281995;-0.9835000025151398;-0.135935345634932;-0.048651572294757375
1661426414476;1.7403;-0.2492;-0.0679;0.1051584203518846;-0.983867152733686;-0.13438922979191031;-0.05372771460562292
1661426414500;1.7423;-0.2489;-0.0679;0.1028508164309468;-0.9840472012602702;-0.13361244214055076;-0.05674971855925656
1661426414524;1.7454;-0.2484;-0.0679;0.10022437062905647;-0.9844291854726543;-0.13260438808622135;-0.05718680426404713
1661426414548;1.7496;-0.2479;-0.0678;0.09845592150198247;-0.9847178674971648;-0.13164509815285447;-0.05750409624849986
1661426414580;1.7571;-0.247;-0.0677;0.094809510341165;-0.9851935082662369;-0.13130814353365297;-0.05624126119388279
1661426414604;1.7642;-0.2462;-0.0676;0.09207675684040338;-0.9856199525944745;-0.1302347800378574;-0.055803960127486105
1661426414636;1.7746;-0.2449;-0.0675;0.08751923234581173;-0.9862571762560017;-0.1290053139398231;-0.05472472227819044
1661426414660;1.7811;-0.2441;-0.0674;0.08386844796764222;-0.9866847231096122;-0.1286948987543624;-0.05345057204755685
1661426414684;1.7857;-0.2436;-0.0672;0.08127323110684352;-0.986737764269958;-0.13021971241259597;-0.05278326409155984
1661426414716;1.7874;-0.2435;-0.0667;0.07731625029301542;-0.9859730396717853;-0.1385441477674223;-0.05181584314093875
1661426414740;1.7851;-0.2438;-0.0661;0.07442739255501687;-0.9844027965732135;-0.15121084306592292;-0.05046759629297369
1661426414764;1.7797;-0.2446;-0.0653;0.07082995603885697;-0.9821403720250652;-0.16725040544618525;-0.049098969888245844
1661426414788;1.772;-0.2456;-0.0643;0.06745654367584249;-0.9786228948640279;-0.1883870380751996;-0.047509664790571
1661426414812;1.7639;-0.2467;-0.0633;0.06297996180352161;-0.9749264240154881;-0.2085280570629229;-0.04547572522964411
1661426414844;1.7549;-0.248;-0.0622;0.05944543213526928;-0.9699263571398069;-0.2320328987910199;-0.04324160268065165
1661426414868;1.7502;-0.2486;-0.0617;0.057228977162663404;-0.9672293216607789;-0.2437263701474424;-0.04230531866440528
1661426414892;1.7473;-0.249;-0.0613;0.055659426230201176;-0.9654397857930045;-0.25121699726325664;-0.041449590657997214
1661426414916;1.746;-0.2492;-0.0611;0.05558556742324994;-0.9646118537734142;-0.2545605342316242;-0.04041225885499328
1661426414940;1.7457;-0.2492;-0.0611;0.05477920306693259;-0.9644375116285157;-0.2553668985879416;-0.04058660099989169
1661426414972;1.7457;-0.2492;-0.0611;0.05477920306693259;-0.9644375116285157;-0.2553668985879416;-0.04058660099989169
1661426414996;1.7457;-0.2492;-0.0611;0.05477920306693259;-0.9644375116285157;-0.2553668985879416;-0.04058660099989169
1661426415020;1.7462;-0.2492;-0.0611;0.05477920306693259;-0.9644375116285157;-0.2553668985879416;-0.04058660099989169
1661426415045;1.748;-0.249;-0.061;0.05477920306693259;-0.9644375116285157;-0.2553668985879416;-0.04058660099989169
1661426415069;1.7516;-0.2485;-0.0608;0.05477920306693259;-0.9644375116285157;-0.2553668985879416;-0.04058660099989169
1661426415101;1.7594;-0.2477;-0.0603;0.05477920306693259;-0.9644375116285157;-0.2553668985879416;-0.04058660099989169
1661426415124;1.7674;-0.2468;-0.0598;0.05477920306693259;-0.9644375116285157;-0.2553668985879416;-0.04058660099989169
1661426415148;1.7772;-0.2456;-0.0592;0.05477920306693259;-0.9644375116285157;-0.2553668985879416;-0.04058660099989169
1661426415172;1.7882;-0.2444;-0.0586;0.0539375518149997;-0.9644849482646455;-0.255331382864954;-0.040809435176423915
1661426415196;1.7988;-0.2432;-0.058;0.0539375518149997;-0.9644849482646455;-0.255331382864954;-0.040809435176423915
1661426415228;1.8103;-0.2419;-0.0573;0.0539375518149997;-0.9644849482646455;-0.255331382864954;-0.040809435176423915
1661426415252;1.8161;-0.2412;-0.0569;0.0539375518149997;-0.9644849482646455;-0.255331382864954;-0.040809435176423915
1661426415277;1.8186;-0.2411;-0.0566;0.0539375518149997;-0.9644849482646455;-0.255331382864954;-0.040809435176423915
1661426415300;1.817;-0.2417;-0.0565;0.0539375518149997;-0.9644849482646455;-0.255331382864954;-0.040809435176423915
1661426415324;1.8112;-0.2429;-0.0564;0.0539375518149997;-0.9644849482646455;-0.255331382864954;-0.040809435176423915
1661426415356;1.7981;-0.2454;-0.0564;0.0539375518149997;-0.9644849482646455;-0.255331382864954;-0.040809435176423915
1661426415388;1.7806;-0.2488;-0.0564;0.0539375518149997;-0.9644849482646455;-0.255331382864954;-0.040809435176423915
1661426415412;1.7659;-0.2517;-0.0561;0.0539375518149997;-0.9644849482646455;-0.255331382864954;-0.040809435176423915
1661426415437;1.7516;-0.2547;-0.0547;0.0539375518149997;-0.9644849482646455;-0.255331382864954;-0.040809435176423915
1661426415460;1.7388;-0.2575;-0.0515;0.0539375518149997;-0.9644849482646455;-0.255331382864954;-0.040809435176423915
1661426415492;1.7249;-0.2613;-0.0431;0.0539375518149997;-0.9644849482646455;-0.255331382864954;-0.040809435176423915
1661426415516;1.7166;-0.2642;-0.0332;0.0539375518149997;-0.9644849482646455;-0.255331382864954;-0.040809435176423915
1661426415540;1.7102;-0.2671;-0.0203;0.0539375518149997;-0.9644849482646455;-0.255331382864954;-0.040809435176423915
1661426415564;1.7052;-0.2701;-0.0044;0.0539375518149997;-0.9644849482646455;-0.255331382864954;-0.040809435176423915
1661426415588;1.7007;-0.2732;0.0137;0.0539375518149997;-0.9644849482646455;-0.255331382864954;-0.040809435176423915
1661426415621;1.695;-0.2775;0.0389;0.0539375518149997;-0.9644849482646455;-0.255331382864954;-0.040809435176423915
1661426415644;1.691;-0.2805;0.0564;0.0539375518149997;-0.9644849482646455;-0.255331382864954;-0.040809435176423915
1661426415676;1.6867;-0.2837;0.0756;0.0539375518149997;-0.9644849482646455;-0.255331382864954;-0.040809435176423915
1661426415700;1.6841;-0.285;0.0868;0.0539375518149997;-0.9644849482646455;-0.255331382864954;-0.040809435176423915
1661426415732;1.6814;-0.2836;0.0978;0.056277716339736834;-0.9641715183663874;-0.2562530142057485;-0.03924913406825266
1661426415756;1.6797;-0.2792;0.1038;0.060297198202755344;-0.9637472572271569;-0.25723330539453165;-0.03723571768925002
1661426415780;1.6777;-0.2713;0.1089;0.06686430314967629;-0.9629074304608494;-0.2591322949309613;-0.03448041547612503
1661426415804;1.675;-0.2593;0.1141;0.07551845696068982;-0.9617074296176569;-0.26183781768354664;-0.029270116282544837
1661426415829;1.6708;-0.2429;0.1202;0.08791829354622702;-0.9596893744972665;-0.26612873582341273;-0.021027936322824698
1661426415860;1.662;-0.2159;0.1297;0.10768255461795366;-0.956316113890127;-0.2716944492611001;-0.0067885186708624146
1661426415884;1.6526;-0.1934;0.1373;0.12450569141330112;-0.9528388604123764;-0.2766514738108895;0.007771803651816855
1661426415909;1.6409;-0.1704;0.1447;0.1422682965342921;-0.9485841915664768;-0.28166349966190285;0.024767645621128244
1661426415932;1.627;-0.1479;0.1517;0.15899740116886207;-0.9440181660990686;-0.2856176973932952;0.044407875790801465
1661426415956;1.6112;-0.127;0.1581;0.17425427186632905;-0.9389399186323663;-0.28951276166480056;0.06488172907838746
1661426415988;1.5883;-0.1026;0.1657;0.1920049195129854;-0.9320894149725475;-0.29187269242067093;0.09567530923939939
1661426416013;1.5701;-0.0869;0.1708;0.20331260523707653;-0.9265329602659419;-0.29301227259557056;0.11976838564881045
1661426416036;1.5511;-0.0737;0.1756;0.21275592283026887;-0.9208046870788801;-0.2929035501664876;0.14512462180510316
1661426416060;1.5317;-0.0628;0.1802;0.2201300289778885;-0.9146454942818736;-0.2922945654828274;0.1718437578769338
1661426416084;1.512;-0.0543;0.1846;0.22516700545248422;-0.9087586539676937;-0.28997611260707606;0.1984222331586734
1661426416116;1.4859;-0.0465;0.1906;0.2277552167720231;-0.9011459696717322;-0.2843162097595192;0.23500594768112448
1661426416140;1.4666;-0.0432;0.1953;0.22697808791497087;-0.8951172338836367;-0.2795612016431509;0.2628528480857832
1661426416164;1.4478;-0.0421;0.2002;0.22417247563246268;-0.8895347305244925;-0.2725836697929135;0.29012550270832727
1661426416188;1.4297;-0.0429;0.2056;0.21892372038832109;-0.8838598460587738;-0.2650631710502297;0.31718400421379006
1661426416212;1.4124;-0.0455;0.2113;0.2104021623884761;-0.8783501343776497;-0.25630304373443275;0.34429743140703684
1661426416244;1.3907;-0.0517;0.2198;0.19683628956712534;-0.8714229293763806;-0.24265596227751762;0.37814763947128743
1661426416268;1.3758;-0.0581;0.2268;0.1825914098110577;-0.8662968146547161;-0.23136485781869415;0.40331192463010385
1661426416292;1.3621;-0.0658;0.2344;0.1673179209133044;-0.8615613380818402;-0.21794055783227473;0.4268708086946626
1661426416316;1.3496;-0.0747;0.2426;0.14943178789538955;-0.8570456175366119;-0.20416472249869247;0.44884264092742665
1661426416340;1.3384;-0.0847;0.2514;0.12886262269104373;-0.8526929709673102;-0.19004751759674687;0.46924520540058984
1661426416372;1.3259;-0.0992;0.2639;0.09915597916540658;-0.8477831232809775;-0.16940665710542374;0.49267966489806103
1661426416396;1.3185;-0.1104;0.2735;0.07512471039040769;-0.8443952016162054;-0.1542582967659102;0.507501132269836
1661426416421;1.3128;-0.1213;0.2828;0.05229504255688608;-0.8413638660137481;-0.13911422062686166;0.5196338202135751
1661426416445;1.3083;-0.1311;0.2915;0.0311316924982398;-0.839150665663194;-0.12555357257964017;0.5282927961383753
1661426416468;1.3045;-0.1391;0.2993;0.012394523324700202;-0.8370864895419696;-0.11434652484790882;0.5348433949045852
1661426416500;1.2988;-0.1452;0.3079;-0.006238210521284357;-0.8348316106428977;-0.10322674033570904;0.5407046390410774
1661426416524;1.293;-0.1459;0.3133;-0.01443775730619154;-0.8338859518635549;-0.09755771743573384;0.5430545665191573
1661426416548;1.2848;-0.1433;0.3181;-0.020742620951450796;-0.8324737944126799;-0.0949666250568488;0.5454708657825196
1661426416572;1.2737;-0.1373;0.3229;-0.023595498725807906;-0.831002032825676;-0.09340296298419418;0.5478638155465717
1661426416596;1.259;-0.1282;0.3278;-0.0243053764050081;-0.8296807423351783;-0.09275723208286796;0.5499410971843105
1661426416628;1.234;-0.1121;0.3353;-0.024604294061978282;-0.8270460120934768;-0.09376842615794358;0.5537120233928918
1661426416652;1.2109;-0.0976;0.3415;-0.02423250822864227;-0.8244195990536778;-0.09424416762770563;0.5575510264624062
1661426416678;1.1842;-0.0813;0.3483;-0.024403895820967025;-0.8216978075722479;-0.09538146684521939;0.5613550914369395
1661426416701;1.1537;-0.0634;0.3552;-0.024095972773814714;-0.8185154106404428;-0.0958096616453731;0.5659261571756425
1661426416724;1.1194;-0.0442;0.3621;-0.02365100678651516;-0.8152542597537382;-0.09637161211213656;0.5705380217043177
1661426416740;1.0949;-0.0309;0.3664;-0.023522246419090842;-0.812578163181589;-0.09659534611751164;0.5743106927023669
1661426416772;1.0426;-0.0039;0.3742;-0.024439071278994487;-0.8070294053085199;-0.09828568888007859;0.5817612862023094
1661426416796;1.0012;0.0161;0.3788;-0.02382224431076621;-0.8027257404928891;-0.09783180244077067;0.5877863767197491
1661426416821;0.9588;0.0356;0.3822;-0.024383926149439156;-0.798235046500853;-0.09862022732888187;0.5937173447398346
1661426416844;0.9155;0.0542;0.3843;-0.024809899338442742;-0.7933378029239583;-0.09834087813734181;0.6002738300424063
1661426416868;0.8723;0.0717;0.3851;-0.02593418667315313;-0.7883435134399503;-0.09857309969806419;0.6067332748371995
1661426416900;0.8148;0.0933;0.3838;-0.025920589730316898;-0.7822344515361861;-0.0975288089625724;0.614756469897029
1661426416924;0.7727;0.1079;0.3813;-0.02732199760233553;-0.7771751768793751;-0.09746978068521447;0.6210892808145269
1661426416948;0.7325;0.1209;0.3776;-0.02810418268193715;-0.7726933545112668;-0.09679075325658082;0.6267269619969525
1661426416972;0.6947;0.1324;0.373;-0.029327086133527025;-0.7677395985603317;-0.09567662581365804;0.632899529225809
1661426416996;0.6596;0.1422;0.3676;-0.02960244642324858;-0.7638557370277185;-0.09425742765160182;0.6377802486029986
1661426417029;0.6175;0.1532;0.3598;-0.03182050790967067;-0.758267278582428;-0.09336762662404939;0.6444382637663294
1661426417052;0.5894;0.16;0.3537;-0.03210552569232758;-0.7549170457167536;-0.091916411799569;0.6485528988048702
1661426417076;0.5642;0.1658;0.3476;-0.03324623916384112;-0.751612637310269;-0.09083024018240315;0.6524745194146433
1661426417100;0.5418;0.1706;0.3416;-0.03350671630104615;-0.7488400167518736;-0.08938684870354208;0.6558398589233693
1661426417124;0.5222;0.1746;0.336;-0.03515259960150435;-0.7460291978920707;-0.08900722298498856;0.6590010962739519
1661426417156;0.5004;0.1788;0.3293;-0.03550334493960844;-0.7432564764925947;-0.08746806003499466;0.6623131141111633
1661426417181;0.4872;0.1812;0.325;-0.036447371565680814;-0.7410866747670914;-0.08655254757532244;0.6648088342499895
1661426417205;0.4766;0.1831;0.3215;-0.03680750310560604;-0.739921402114626;-0.086206111121399;0.6661306424517506
1661426417229;0.4687;0.1844;0.3187;-0.037249544061544265;-0.7388054273447883;-0.08577739053066041;0.6673988696925119
1661426417252;0.4631;0.1854;0.3167;-0.037767162740644566;-0.7377366384940495;-0.08527271745538106;0.668615627472015
1661426417284;0.4585;0.1861;0.315;-0.03800050927655535;-0.7371832661559353;-0.08504570317349597;0.6692413778048362
1661426417308;0.4567;0.1864;0.3144;-0.03794125465102438;-0.7371421597595479;-0.08510495779902719;0.6692824842012235
1661426417333;0.456;0.1865;0.3141;-0.03788207185990283;-0.7371009500069903;-0.08516414059014868;0.6693236939537812
1661426417356;0.4559;0.1865;0.3141;-0.03788207185990283;-0.7371009500069903;-0.08516414059014868;0.6693236939537812
1661426417381;0.4559;0.1865;0.3141;-0.03788207185990283;-0.7371009500069903;-0.08516414059014868;0.6693236939537812
1661426417412;0.4559;0.1865;0.3141;-0.03788207185990283;-0.7371009500069903;-0.08516414059014868;0.6693236939537812
1661426417437;0.4559;0.1865;0.3141;-0.03788207185990283;-0.7371009500069903;-0.08516414059014868;0.6693236939537812
1661426417460;0.4559;0.1865;0.3141;-0.03788207185990283;-0.7371009500069903;-0.08516414059014868;0.6693236939537812
1661426417484;0.4559;0.1865;0.3141;-0.03788207185990283;-0.7371009500069903;-0.08516414059014868;0.6693236939537812
1661426417508;0.4559;0.1865;0.3141;-0.03788207185990283;-0.7371009500069903;-0.08516414059014868;0.6693236939537812
1661426417540;0.4559;0.1865;0.3141;-0.03788207185990283;-0.7371009500069903;-0.08516414059014868;0.6693236939537812
1661426417564;0.4559;0.1865;0.3141;-0.03788207185990283;-0.7371009500069903;-0.08516414059014868;0.6693236939537812
1661426417588;0.4559;0.1865;0.3141;-0.03788207185990283;-0.7371009500069903;-0.08516414059014868;0.6693236939537812
1661426417612;0.4559;0.1865;0.3141;-0.03788207185990283;-0.7371009500069903;-0.08516414059014868;0.6693236939537812
1661426417636;0.4559;0.1865;0.3141;-0.03788207185990283;-0.7371009500069903;-0.08516414059014868;0.6693236939537812
1661426417668;0.4559;0.1865;0.3141;-0.03788207185990283;-0.7371009500069903;-0.08516414059014868;0.6693236939537812
1661426417692;0.4559;0.1865;0.3141;-0.03788207185990283;-0.7371009500069903;-0.08516414059014868;0.6693236939537812
1661426417716;0.4559;0.1865;0.3141;-0.03788207185990283;-0.7371009500069903;-0.08516414059014868;0.6693236939537812
1661426417740;0.4559;0.1865;0.3141;-0.03788207185990283;-0.7371009500069903;-0.08516414059014868;0.6693236939537812
1661426417764;0.4559;0.1865;0.3141;-0.03788207185990283;-0.7371009500069903;-0.08516414059014868;0.6693236939537812
1661426417796;0.4559;0.1865;0.3141;-0.03788207185990283;-0.7371009500069903;-0.08516414059014868;0.6693236939537812
1661426417820;0.4559;0.1865;0.3141;-0.03788207185990283;-0.7371009500069903;-0.08516414059014868;0.6693236939537812
1661426417844;0.4559;0.1865;0.3141;-0.03788207185990283;-0.7371009500069903;-0.08516414059014868;0.6693236939537812
1661426417868;0.4559;0.1865;0.3141;-0.03788207185990283;-0.7371009500069903;-0.08516414059014868;0.6693236939537812
1661426417892;0.4559;0.1865;0.3141;-0.03788207185990283;-0.7371009500069903;-0.08516414059014868;0.6693236939537812
1661426417924;0.4559;0.1865;0.3141;-0.03788207185990283;-0.7371009500069903;-0.08516414059014868;0.6693236939537812
1661426417948;0.4559;0.1865;0.3141;-0.03788207185990283;-0.7371009500069903;-0.08516414059014868;0.6693236939537812
1661426417972;0.4559;0.1865;0.3141;-0.03788207185990283;-0.7371009500069903;-0.08516414059014868;0.6693236939537812
1661426417996;0.4559;0.1865;0.3141;-0.03788207185990283;-0.7371009500069903;-0.08516414059014868;0.6693236939537812
1661426418020;0.4559;0.1865;0.3141;-0.03788207185990283;-0.7371009500069903;-0.08516414059014868;0.6693236939537812
1661426418053;0.4559;0.1865;0.3141;-0.03788207185990283;-0.7371009500069903;-0.08516414059014868;0.6693236939537812
1661426418077;0.4559;0.1865;0.3141;-0.03788207185990283;-0.7371009500069903;-0.08516414059014868;0.6693236939537812
1661426418100;0.4559;0.1865;0.3141;-0.03788207185990283;-0.7371009500069903;-0.08516414059014868;0.6693236939537812
