1661426311939;0.4559;0.1866;0.3141;-0.03788207185990283;-0.7371009500069903;-0.08516414059014868;0.6693236939537812
1661426311955;0.4559;0.1866;0.3141;-0.03788207185990283;-0.7371009500069903;-0.08516414059014868;0.6693236939537812
1661426311971;0.4559;0.1866;0.3141;-0.03788207185990283;-0.7371009500069903;-0.08516414059014868;0.6693236939537812
1661426311988;0.4559;0.1866;0.3141;-0.03788207185990283;-0.7371009500069903;-0.08516414059014868;0.6693236939537812
1661426312004;0.4559;0.1866;0.3141;-0.03788207185990283;-0.7371009500069903;-0.08516414059014868;0.6693236939537812
1661426312019;0.4559;0.1866;0.3141;-0.03788207185990283;-0.7371009500069903;-0.08516414059014868;0.6693236939537812
1661426312035;0.4559;0.1866;0.3141;-0.03788207185990283;-0.7371009500069903;-0.08516414059014868;0.6693236939537812
1661426312059;0.4559;0.1866;0.3141;-0.03788207185990283;-0.7371009500069903;-0.08516414059014868;0.6693236939537812
1661426312075;0.4559;0.1866;0.3141;-0.03788207185990283;-0.7371009500069903;-0.08516414059014868;0.6693236939537812
1661426312091;0.4559;0.1866;0.3141;-0.03788207185990283;-0.7371009500069903;-0.08516414059014868;0.6693236939537812
1661426312107;0.4559;0.1866;0.3141;-0.03788207185990283;-0.7371009500069903;-0.08516414059014868;0.6693236939537812
1661426312123;0.4559;0.1866;0.3141;-0.03788207185990283;-0.7371009500069903;-0.08516414059014868;0.6693236939537812
1661426312139;0.4559;0.1866;0.3141;-0.03788207185990283;-0.7371009500069903;-0.08516414059014868;0.6693236939537812
1661426312155;0.4559;0.1866;0.3141;-0.03788207185990283;-0.7371009500069903;-0.08516414059014868;0.6693236939537812
1661426312179;0.4559;0.1866;0.3141;-0.03788207185990283;-0.7371009500069903;-0.08516414059014868;0.6693236939537812
1661426312195;0.4559;0.1866;0.3141;-0.03788207185990283;-0.7371009500069903;-0.08516414059014868;0.6693236939537812
1661426312211;0.4559;0.1866;0.3141;-0.03788207185990283;-0.7371009500069903;-0.08516414059014868;0.6693236939537812
1661426312235;0.4559;0.1866;0.3141;-0.03788207185990283;-0.7371009500069903;-0.08516414059014868;0.6693236939537812
1661426312251;0.4559;0.1866;0.3141;-0.03788207185990283;-0.7371009500069903;-0.08516414059014868;0.6693236939537812
1661426312267;0.4559;0.1866;0.3141;-0.03788207185990283;-0.7371009500069903;-0.08516414059014868;0.6693236939537812
1661426312291;0.4559;0.1865;0.3141;-0.03788207185990283;-0.7371009500069903;-0.08516414059014868;0.6693236939537812
1661426312315;0.4559;0.1865;0.3141;-0.03788207185990283;-0.7371009500069903;-0.08516414059014868;0.6693236939537812
1661426312332;0.4559;0.1865;0.3141;-0.03788207185990283;-0.7371009500069903;-0.08516414059014868;0.6693236939537812
1661426312347;0.4559;0.1865;0.3141;-0.03788207185990283;-0.7371009500069903;-0.08516414059014868;0.6693236939537812
1661426312363;0.4559;0.1865;0.3141;-0.03788207185990283;-0.7371009500069903;-0.08516414059014868;0.6693236939537812
1661426312387;0.4559;0.1865;0.3141;-0.03788207185990283;-0.7371009500069903;-0.08516414059014868;0.6693236939537812
1661426312403;0.4559;0.1865;0.3141;-0.03788207185990283;-0.7371009500069903;-0.08516414059014868;0.6693236939537812
1661426312419;0.4559;0.1865;0.3141;-0.03788207185990283;-0.7371009500069903;-0.08516414059014868;0.6693236939537812
1661426312443;0.4559;0.1865;0.3141;-0.03788207185990283;-0.7371009500069903;-0.08516414059014868;0.6693236939537812
1661426312459;0.4559;0.1865;0.3141;-0.03788207185990283;-0.7371009500069903;-0.08516414059014868;0.6693236939537812
1661426312475;0.4559;0.1865;0.3141;-0.03788207185990283;-0.7371009500069903;-0.08516414059014868;0.6693236939537812
1661426312491;0.4559;0.1865;0.3141;-0.03788207185990283;-0.7371009500069903;-0.08516414059014868;0.6693236939537812
1661426312507;0.4559;0.1865;0.3141;-0.03788207185990283;-0.7371009500069903;-0.08516414059014868;0.6693236939537812
1661426312523;0.4559;0.1865;0.3141;-0.03788207185990283;-0.7371009500069903;-0.08516414059014868;0.6693236939537812
1661426312539;0.4559;0.1865;0.3141;-0.03788207185990283;-0.7371009500069903;-0.08516414059014868;0.6693236939537812
1661426312563;0.4559;0.1865;0.3141;-0.03788207185990283;-0.7371009500069903;-0.08516414059014868;0.6693236939537812
1661426312587;0.4559;0.1865;0.3141;-0.03788207185990283;-0.7371009500069903;-0.08516414059014868;0.6693236939537812
1661426312603;0.4559;0.1865;0.3141;-0.03788207185990283;-0.7371009500069903;-0.08516414059014868;0.6693236939537812
1661426312620;0.4559;0.1865;0.3141;-0.03788207185990283;-0.7371009500069903;-0.08516414059014868;0.6693236939537812
1661426312643;0.4559;0.1865;0.3141;-0.03788207185990283;-0.7371009500069903;-0.08516414059014868;0.6693236939537812
1661426312659;0.4559;0.1865;0.3141;-0.03788207185990283;-0.7371009500069903;-0.08516414059014868;0.6693236939537812
1661426312675;0.4559;0.1865;0.3141;-0.03788207185990283;-0.7371009500069903;-0.08516414059014868;0.6693236939537812
1661426312699;0.4559;0.1865;0.3141;-0.03788207185990283;-0.7371009500069903;-0.08516414059014868;0.6693236939537812
1661426312715;0.4559;0.1865;0.3141;-0.03788207185990283;-0.7371009500069903;-0.08516414059014868;0.6693236939537812
1661426312732;0.4559;0.1865;0.3141;-0.03788207185990283;-0.7371009500069903;-0.08516414059014868;0.6693236939537812
1661426312747;0.4559;0.1865;0.3141;-0.03788207185990283;-0.7371009500069903;-0.08516414059014868;0.6693236939537812
1661426312763;0.4559;0.1865;0.3141;-0.03788207185990283;-0.7371009500069903;-0.08516414059014868;0.6693236939537812
1661426312787;0.4559;0.1865;0.3141;-0.03788207185990283;-0.7371009500069903;-0.08516414059014868;0.6693236939537812
1661426312803;0.4559;0.1865;0.3141;-0.03788207185990283;-0.7371009500069903;-0.08516414059014868;0.6693236939537812
1661426312827;0.4559;0.1865;0.3141;-0.03788207185990283;-0.7371009500069903;-0.08516414059014868;0.6693236939537812
1661426312851;0.4559;0.1865;0.3141;-0.03788207185990283;-0.7371009500069903;-0.08516414059014868;0.6693236939537812
1661426312867;0.4559;0.1865;0.3141;-0.03788207185990283;-0.7371009500069903;-0.08516414059014868;0.6693236939537812
1661426312891;0.4559;0.1865;0.3141;-0.03788207185990283;-0.7371009500069903;-0.08516414059014868;0.6693236939537812
1661426312907;0.4559;0.1865;0.3141;-0.03788207185990283;-0.7371009500069903;-0.08516414059014868;0.6693236939537812
1661426312923;0.4559;0.1865;0.3141;-0.03788207185990283;-0.7371009500069903;-0.08516414059014868;0.6693236939537812
1661426312948;0.4559;0.1865;0.3141;-0.03788207185990283;-0.7371009500069903;-0.08516414059014868;0.6693236939537812
1661426312963;0.4559;0.1865;0.3141;-0.03788207185990283;-0.7371009500069903;-0.08516414059014868;0.6693236939537812
1661426312987;0.4559;0.1865;0.3141;-0.03788207185990283;-0.7371009500069903;-0.08516414059014868;0.6693236939537812
1661426313004;0.4559;0.1865;0.3141;-0.03788207185990283;-0.7371009500069903;-0.08516414059014868;0.6693236939537812
1661426313019;0.4559;0.1865;0.3141;-0.03788207185990283;-0.7371009500069903;-0.08516414059014868;0.6693236939537812
1661426313043;0.4559;0.1865;0.3141;-0.03788207185990283;-0.7371009500069903;-0.08516414059014868;0.6693236939537812
1661426313059;0.4559;0.1865;0.3141;-0.03788207185990283;-0.7371009500069903;-0.08516414059014868;0.6693236939537812
1661426313083;0.4559;0.1865;0.3141;-0.03788207185990283;-0.7371009500069903;-0.08516414059014868;0.6693236939537812
1661426313099;0.4559;0.1865;0.3141;-0.03788207185990283;-0.7371009500069903;-0.08516414059014868;0.6693236939537812
1661426313115;0.4559;0.1865;0.3141;-0.03788207185990283;-0.7371009500069903;-0.08516414059014868;0.6693236939537812
1661426313131;0.4559;0.1865;0.3141;-0.03788207185990283;-0.7371009500069903;-0.08516414059014868;0.6693236939537812
1661426313147;0.4559;0.1865;0.3141;-0.03788207185990283;-0.7371009500069903;-0.08516414059014868;0.6693236939537812
1661426313163;0.4559;0.1865;0.3141;-0.03788207185990283;-0.7371009500069903;-0.08516414059014868;0.6693236939537812
1661426313187;0.4559;0.1865;0.3141;-0.03788207185990283;-0.7371009500069903;-0.08516414059014868;0.6693236939537812
1661426313212;0.4559;0.1865;0.3141;-0.03788207185990283;-0.7371009500069903;-0.08516414059014868;0.6693236939537812
1661426313228;0.4559;0.1865;0.3141;-0.03788207185990283;-0.7371009500069903;-0.08516414059014868;0.6693236939537812
1661426313243;0.4559;0.1865;0.3141;-0.03788207185990283;-0.7371009500069903;-0.08516414059014868;0.6693236939537812
1661426313251;0.4559;0.1865;0.3141;-0.03788207185990283;-0.7371009500069903;-0.08516414059014868;0.6693236939537812
1661426313267;0.4559;0.1865;0.3141;-0.03788207185990283;-0.7371009500069903;-0.08516414059014868;0.6693236939537812
1661426313291;0.4559;0.1865;0.3141;-0.03788207185990283;-0.7371009500069903;-0.08516414059014868;0.6693236939537812
1661426313307;0.4559;0.1865;0.3141;-0.03788207185990283;-0.7371009500069903;-0.08516414059014868;0.6693236939537812
1661426313332;0.4559;0.1865;0.3141;-0.03788207185990283;-0.7371009500069903;-0.08516414059014868;0.6693236939537812
1661426313348;0.4559;0.1865;0.3141;-0.03788207185990283;-0.7371009500069903;-0.08516414059014868;0.6693236939537812
1661426313371;0.4559;0.1865;0.3141;-0.03788207185990283;-0.7371009500069903;-0.08516414059014868;0.6693236939537812
1661426313387;0.4559;0.1865;0.3141;-0.03788207185990283;-0.7371009500069903;-0.08516414059014868;0.6693236939537812
1661426313403;0.4559;0.1865;0.3141;-0.03788207185990283;-0.7371009500069903;-0.08516414059014868;0.6693236939537812
1661426313420;0.4559;0.1865;0.3141;-0.03788207185990283;-0.7371009500069903;-0.08516414059014868;0.6693236939537812
1661426313435;0.4559;0.1865;0.3141;-0.03788207185990283;-0.7371009500069903;-0.08516414059014868;0.6693236939537812
1661426313459;0.4559;0.1865;0.3141;-0.03788207185990283;-0.7371009500069903;-0.08516414059014868;0.6693236939537812
1661426313475;0.4559;0.1865;0.3141;-0.03788207185990283;-0.7371009500069903;-0.08516414059014868;0.6693236939537812
1661426313491;0.4559;0.1865;0.3141;-0.03788207185990283;-0.7371009500069903;-0.08516414059014868;0.6693236939537812
1661426313507;0.4559;0.1865;0.3141;-0.03788207185990283;-0.7371009500069903;-0.08516414059014868;0.6693236939537812
1661426313523;0.4559;0.1865;0.3141;-0.03788207185990283;-0.7371009500069903;-0.08516414059014868;0.6693236939537812
1661426313540;0.4559;0.1865;0.3141;-0.03788207185990283;-0.7371009500069903;-0.08516414059014868;0.6693236939537812
1661426313556;0.4559;0.1865;0.3141;-0.03788207185990283;-0.7371009500069903;-0.08516414059014868;0.6693236939537812
1661426313587;0.4559;0.1865;0.3141;-0.03788207185990283;-0.7371009500069903;-0.08516414059014868;0.6693236939537812
1661426313603;0.4559;0.1865;0.3141;-0.03788207185990283;-0.7371009500069903;-0.08516414059014868;0.6693236939537812
1661426313619;0.4559;0.1865;0.3141;-0.03788207185990283;-0.7371009500069903;-0.08516414059014868;0.6693236939537812
1661426313635;0.4559;0.1865;0.3141;-0.03788207185990283;-0.7371009500069903;-0.08516414059014868;0.6693236939537812
1661426313651;0.4559;0.1865;0.3141;-0.03788207185990283;-0.7371009500069903;-0.08516414059014868;0.6693236939537812
1661426313667;0.4559;0.1865;0.3141;-0.03788207185990283;-0.7371009500069903;-0.08516414059014868;0.6693236939537812
1661426313691;0.4559;0.1865;0.3141;-0.03788207185990283;-0.7371009500069903;-0.08516414059014868;0.6693236939537812
1661426313715;0.4559;0.1865;0.3141;-0.03788207185990283;-0.7371009500069903;-0.08516414059014868;0.6693236939537812
1661426313723;0.4559;0.1865;0.3141;-0.03788207185990283;-0.7371009500069903;-0.08516414059014868;0.6693236939537812
1661426313740;0.4559;0.1865;0.3141;-0.03788207185990283;-0.7371009500069903;-0.08516414059014868;0.6693236939537812
1661426313763;0.4559;0.1865;0.3141;-0.03788207185990283;-0.7371009500069903;-0.08516414059014868;0.6693236939537812
1661426313787;0.4559;0.1865;0.3141;-0.03788207185990283;-0.7371009500069903;-0.08516414059014868;0.6693236939537812
1661426313803;0.4559;0.1865;0.3141;-0.03788207185990283;-0.7371009500069903;-0.08516414059014868;0.6693236939537812
1661426313819;0.4559;0.1865;0.3141;-0.03788207185990283;-0.7371009500069903;-0.08516414059014868;0.6693236939537812
1661426313843;0.4559;0.1865;0.3141;-0.03788207185990283;-0.7371009500069903;-0.08516414059014868;0.6693236939537812
1661426313859;0.4559;0.1865;0.3141;-0.03788207185990283;-0.7371009500069903;-0.08516414059014868;0.6693236939537812
1661426313883;0.4559;0.1865;0.3141;-0.03788207185990283;-0.7371009500069903;-0.08516414059014868;0.6693236939537812
1661426313899;0.4559;0.1865;0.3141;-0.03788207185990283;-0.7371009500069903;-0.08516414059014868;0.6693236939537812
1661426313915;0.4559;0.1865;0.3141;-0.03788207185990283;-0.7371009500069903;-0.08516414059014868;0.6693236939537812
1661426313931;0.4559;0.1865;0.3141;-0.03788207185990283;-0.7371009500069903;-0.08516414059014868;0.6693236939537812
1661426313947;0.4559;0.1865;0.3141;-0.03788207185990283;-0.7371009500069903;-0.08516414059014868;0.6693236939537812
1661426313971;0.4559;0.1865;0.3141;-0.03788207185990283;-0.7371009500069903;-0.08516414059014868;0.6693236939537812
1661426313987;0.4559;0.1865;0.3141;-0.03788207185990283;-0.7371009500069903;-0.08516414059014868;0.6693236939537812
1661426314003;0.4559;0.1865;0.3141;-0.03788207185990283;-0.7371009500069903;-0.08516414059014868;0.6693236939537812
1661426314019;0.4559;0.1865;0.3141;-0.03788207185990283;-0.7371009500069903;-0.08516414059014868;0.6693236939537812
1661426314035;0.4559;0.1865;0.3141;-0.03788207185990283;-0.7371009500069903;-0.08516414059014868;0.6693236939537812
1661426314051;0.4559;0.1865;0.3141;-0.03788207185990283;-0.7371009500069903;-0.08516414059014868;0.6693236939537812
1661426314067;0.4559;0.1865;0.3141;-0.03788207185990283;-0.7371009500069903;-0.08516414059014868;0.6693236939537812
1661426314099;0.4559;0.1865;0.3141;-0.03788207185990283;-0.7371009500069903;-0.08516414059014868;0.6693236939537812
1661426314115;0.4559;0.1865;0.3141;-0.03788207185990283;-0.7371009500069903;-0.08516414059014868;0.6693236939537812
1661426314132;0.4559;0.1865;0.3141;-0.03788207185990283;-0.7371009500069903;-0.08516414059014868;0.6693236939537812
1661426314147;0.4559;0.1865;0.3141;-0.03788207185990283;-0.7371009500069903;-0.08516414059014868;0.6693236939537812
1661426314163;0.4559;0.1865;0.3141;-0.03788207185990283;-0.7371009500069903;-0.08516414059014868;0.6693236939537812
1661426314187;0.4559;0.1865;0.3141;-0.03788207185990283;-0.7371009500069903;-0.08516414059014868;0.6693236939537812
1661426314203;0.4559;0.1865;0.3141;-0.03788207185990283;-0.7371009500069903;-0.08516414059014868;0.6693236939537812
1661426314227;0.4559;0.1865;0.3141;-0.03788207185990283;-0.7371009500069903;-0.08516414059014868;0.6693236939537812
1661426314251;0.4559;0.1865;0.3141;-0.03788207185990283;-0.7371009500069903;-0.08516414059014868;0.6693236939537812
1661426314267;0.4559;0.1865;0.3141;-0.03788207185990283;-0.7371009500069903;-0.08516414059014868;0.6693236939537812
1661426314283;0.4559;0.1865;0.3141;-0.03788207185990283;-0.7371009500069903;-0.08516414059014868;0.6693236939537812
1661426314307;0.4559;0.1865;0.3141;-0.03788207185990283;-0.7371009500069903;-0.08516414059014868;0.6693236939537812
1661426314323;0.4559;0.1865;0.3141;-0.03788207185990283;-0.7371009500069903;-0.08516414059014868;0.6693236939537812
1661426314340;0.4559;0.1865;0.3141;-0.03788207185990283;-0.7371009500069903;-0.08516414059014868;0.6693236939537812
1661426314371;0.4559;0.1865;0.3141;-0.03788207185990283;-0.7371009500069903;-0.08516414059014868;0.6693236939537812
1661426314387;0.4559;0.1865;0.3141;-0.03788207185990283;-0.7371009500069903;-0.08516414059014868;0.6693236939537812
1661426314411;0.4559;0.1865;0.3141;-0.03788207185990283;-0.7371009500069903;-0.08516414059014868;0.6693236939537812
1661426314427;0.4559;0.1865;0.3141;-0.03788207185990283;-0.7371009500069903;-0.08516414059014868;0.6693236939537812
1661426314443;0.4559;0.1865;0.3141;-0.03788207185990283;-0.7371009500069903;-0.08516414059014868;0.6693236939537812
1661426314459;0.4559;0.1865;0.3141;-0.03788207185990283;-0.7371009500069903;-0.08516414059014868;0.6693236939537812
1661426314467;0.456;0.1865;0.3141;-0.03788207185990283;-0.7371009500069903;-0.08516414059014868;0.6693236939537812
1661426314491;0.4567;0.1864;0.3143;-0.03794125465102438;-0.7371421597595479;-0.08510495779902719;0.6692824842012235
1661426314507;0.4576;0.1863;0.3147;-0.03794125465102438;-0.7371421597595479;-0.08510495779902719;0.6692824842012235
1661426314523;0.4591;0.186;0.3152;-0.03800050927655535;-0.7371832661559353;-0.08504570317349597;0.6692413778048362
1661426314540;0.4613;0.1857;0.316;-0.037706879487576006;-0.7376951294593121;-0.08533300070844968;0.6686571365067525
1661426314555;0.4643;0.1852;0.3171;-0.03747630553676726;-0.7382495586954326;-0.0855571487050116;0.6680292582774967
1661426314571;0.4683;0.1845;0.3185;-0.037249544061544265;-0.7388054273447883;-0.08577739053066041;0.6673988696925119
1661426314587;0.4734;0.1836;0.3203;-0.03702660622809828;-0.7393627152289497;-0.08599371502416966;0.6667659909869774
1661426314611;0.4834;0.1819;0.3238;-0.036314394518644405;-0.7409989925599636;-0.08668552462235854;0.6648965164571173
1661426314627;0.4917;0.1804;0.3265;-0.035901099000907516;-0.742125126765214;-0.0870847503750086;0.6636095641010341
1661426314643;0.5013;0.1786;0.3296;-0.036151944973691424;-0.7432252109722242;-0.08804600388228803;0.6622365316488303
1661426314659;0.5122;0.1765;0.333;-0.03486223946169392;-0.7449165373530722;-0.08808679656457793;0.6603973750013057
1661426314675;0.5246;0.1741;0.3367;-0.03490169872444565;-0.7465552749766765;-0.08925021492524376;0.6583855192563431
1661426314691;0.5383;0.1713;0.3407;-0.03432036913087308;-0.7482331532507982;-0.08980725045036111;0.6564327219187311
1661426314707;0.5535;0.1681;0.3448;-0.03353487615447903;-0.7504496215646173;-0.09055902796562404;0.6538347191980152
1661426314723;0.5702;0.1645;0.3491;-0.0331079736815201;-0.7521956261548917;-0.09095965154000471;0.6517913346032419
1661426314748;0.598;0.158;0.3556;-0.03177794551802213;-0.7560405261117585;-0.09222505569610559;0.6472151297344332
1661426314763;0.6185;0.153;0.36;-0.03152321580570405;-0.7587512757671607;-0.09365483264850315;0.6438412542766687
1661426314779;0.6407;0.1473;0.3643;-0.030773763642355817;-0.7615554761288112;-0.09435242464250822;0.6404559721117322
1661426314795;0.6645;0.1409;0.3684;-0.03009490458144795;-0.7643710186634376;-0.09497704131181306;0.6370326554968014
1661426314811;0.6899;0.1337;0.3723;-0.029487140998654515;-0.7671965551674864;-0.09552818131344211;0.6335726642065718
1661426314827;0.7171;0.1257;0.3759;-0.02867990546075394;-0.7705161206166496;-0.09626432690477991;0.6294565515253621
1661426314851;0.7608;0.1119;0.3803;-0.027435108571355865;-0.7760232589145856;-0.09738302953432713;0.6225365547499844
1661426314875;0.807;0.0961;0.3835;-0.026665221408379167;-0.7810572314293786;-0.09803130447108312;0.6161399439598231
1661426314891;0.8389;0.0846;0.3846;-0.02597258804764474;-0.7848783119731245;-0.09862403230828846;0.6111994439751885
1661426314908;0.8712;0.0724;0.3851;-0.024771430145298395;-0.7881740186076468;-0.09851837480790361;0.6070108915543766
1661426314933;0.9205;0.0529;0.3842;-0.023168955794563198;-0.7938361913784743;-0.09994989474895198;0.5994141467172606
1661426314947;0.9536;0.0391;0.3826;-0.02189659983429572;-0.7972976439209954;-0.10110755364402557;0.5946547473196918
1661426314963;0.9867;0.0249;0.3802;-0.020467699586710547;-0.8006676042322228;-0.10241716686272793;0.5899348987290655
1661426314980;1.0196;0.0103;0.3769;-0.018159560083429865;-0.8039548703032089;-0.10338908090472458;0.5853524535209563
1661426315003;1.0683;-0.0123;0.3705;-0.014117922075258374;-0.808727673564772;-0.10601839082213113;0.5783773293398301
1661426315027;1.1164;-0.0354;0.3624;-0.009394422474418948;-0.8133813994403607;-0.11051121194476884;0.5710601683757247
1661426315043;1.1482;-0.0511;0.3559;-0.0052038159897964675;-0.8162800060714559;-0.1133341506732261;0.566405545769378
1661426315059;1.1799;-0.0671;0.3487;-0.0006888990931268046;-0.819189903093496;-0.11766275949790603;0.5613224591222465
1661426315075;1.2113;-0.0833;0.3407;0.004698471357158479;-0.8219277512756802;-0.12165372302434818;0.5564288523469331
1661426315091;1.2425;-0.0997;0.3321;0.010280166030279703;-0.8246605181898823;-0.12701402616419405;0.5510869124582312
1661426315107;1.2732;-0.1162;0.3228;0.016595377195187194;-0.8274198936036034;-0.13307543966741897;0.5453364470508774
1661426315132;1.3181;-0.1408;0.3078;0.027185036813768687;-0.8307305898321466;-0.14208277926889973;0.5375501322907408
1661426315148;1.347;-0.1569;0.2974;0.03404733244197067;-0.8327465561357988;-0.14866785676396582;0.5322328632870782
1661426315172;1.3889;-0.1806;0.2813;0.045368141450541466;-0.8356033691786421;-0.15951226606393687;0.5237027574242601
1661426315188;1.4154;-0.1957;0.2705;0.053899107330268176;-0.8375907724620262;-0.1664991394584246;0.5175080875455674
1661426315203;1.4408;-0.2101;0.2599;0.06183670334672975;-0.8387466822932848;-0.17409356670532444;0.5122222711802318
1661426315219;1.4647;-0.2236;0.2495;0.07004789378326237;-0.8400464055095688;-0.1819191004344069;0.5062813151441775
1661426315251;1.5077;-0.2474;0.2305;0.086824678567852;-0.8415907765108692;-0.1956119108492849;0.49590565677083454
1661426315267;1.5267;-0.2577;0.222;0.09454398447450771;-0.8420868184233703;-0.2029462916757039;0.49067711168585165
1661426315291;1.5522;-0.2709;0.2107;0.10607177387847772;-0.8425011401042923;-0.21275140374307822;0.4834019527418051
1661426315307;1.5672;-0.2785;0.2041;0.11305885555890058;-0.8426141250761944;-0.21824492524790856;0.47915371646823945
1661426315324;1.5808;-0.2851;0.1983;0.11897077868635395;-0.8424306909201347;-0.2238471929256921;0.4754460211568452
1661426315356;1.6035;-0.2958;0.1886;0.13063529738133098;-0.8419056238039389;-0.23376567535328263;0.46849007322676084
1661426315380;1.617;-0.3018;0.1822;0.13753692684230748;-0.8416287329376345;-0.23916657510568767;0.4642671849277969
1661426315395;1.6244;-0.3048;0.1772;0.14179843688085414;-0.8415274577095684;-0.24207287262933125;0.46165513704062755
1661426315412;1.6306;-0.307;0.1711;0.14449160414635784;-0.8411710430821114;-0.24462080240402848;0.46012402202294755
1661426315428;1.6359;-0.3082;0.1631;0.14686055813168217;-0.8411259755902105;-0.24684329885586387;0.4582657040000073
1661426315451;1.6421;-0.3084;0.147;0.14957175415299354;-0.8407090606910281;-0.24940681908554369;0.4567634007067952
1661426315467;1.6453;-0.3074;0.1333;0.15109849611424378;-0.8403130519935055;-0.2508592668659017;0.45619387035434444
1661426315491;1.649;-0.3046;0.1092;0.15189478754076877;-0.8400392890109442;-0.252711491811983;0.45541065901238437
1661426315515;1.6516;-0.3008;0.0834;0.1526605680678697;-0.8398326493941373;-0.25343943512062156;0.4551311071488736
1661426315532;1.6528;-0.2982;0.0669;0.1522633331720495;-0.8396111620077983;-0.25417223076990636;0.45526415530843367
1661426315555;1.6539;-0.2946;0.0457;0.1522633331720495;-0.8396111620077983;-0.25417223076990636;0.45526415530843367
1661426315580;1.6546;-0.2919;0.0303;0.1518659823210774;-0.8393890352210353;-0.2549048328559806;0.455396856764535
1661426315595;1.6549;-0.2907;0.0234;0.1522633331720495;-0.8396111620077983;-0.25417223076990636;0.45526415530843367
1661426315611;1.655;-0.2899;0.0189;0.15153057632679404;-0.8397437171154171;-0.25456942686169726;0.4550421748701533
1661426315636;1.6552;-0.2893;0.0152;0.15128729289340304;-0.8405988881684076;-0.25428737923512434;0.4536998930799462
1661426315651;1.6552;-0.2893;0.0141;0.15030432883419187;-0.8415854094569628;-0.2543945960130496;0.4521349321189601
1661426315667;1.6552;-0.2893;0.0134;0.15013305729889345;-0.8429420278452542;-0.2541445495762208;0.4497992337909411
1661426315683;1.6552;-0.2893;0.0125;0.14967536095689674;-0.8451539591214898;-0.2535680968877236;0.44611129995151666
1661426315691;1.6552;-0.2894;0.012;0.14865951310227132;-0.8461385143712749;-0.2536388760649956;0.4445416563273385
1661426315707;1.6553;-0.2894;0.0107;0.14779262342904828;-0.8486994008177633;-0.2526509824962502;0.440493074355555
1661426315723;1.6553;-0.2895;0.0091;0.1465917647738667;-0.8520454113759294;-0.2523696657911579;0.43455612208570493
1661426315748;1.6553;-0.2897;0.0063;0.14425617365068213;-0.8579413948482129;-0.25082036416851383;0.4245183909890612
1661426315772;1.6554;-0.2899;0.0028;0.14088551845693859;-0.8649496388323902;-0.2492510199837896;0.41217389777844743
1661426315795;1.6554;-0.2902;-0.0012;0.13707162563644254;-0.8728738145584768;-0.24818212885316598;0.3971250485948064
1661426315811;1.6554;-0.2904;-0.0041;0.1345549510834044;-0.8785073307732182;-0.24634701325335906;0.38656562699987623
1661426315827;1.6555;-0.2906;-0.0071;0.13179686883609992;-0.8840576299184494;-0.2453050285283666;0.3753626717278521
1661426315844;1.6555;-0.2908;-0.0101;0.12911366959908413;-0.8897333987699854;-0.24425823951109857;0.36337590986030915
1661426315867;1.6556;-0.2911;-0.0147;0.12540675432267062;-0.8977945301780041;-0.24188668332427768;0.3460187277924287
1661426315891;1.6556;-0.2913;-0.019;0.12150143333391884;-0.9047217708534852;-0.24039540574006155;0.33003934301929566
1661426315907;1.6557;-0.2915;-0.0216;0.118984963622795;-0.9090649369868481;-0.23945088168517023;0.31954153725763856
1661426315923;1.6557;-0.2917;-0.0239;0.11730254148802682;-0.9127833491596649;-0.2383033477740014;0.3102872631885141
1661426315948;1.6557;-0.2919;-0.027;0.11499186449250066;-0.917382482543237;-0.23638733024624953;0.2988432397133931
1661426315971;1.6558;-0.292;-0.0297;0.11302600659700736;-0.9209448178474151;-0.2359119539586138;0.2888447927385112
1661426315987;1.656;-0.2921;-0.0314;0.11223932163465866;-0.9229106589762825;-0.23480573324547865;0.283733180756162
1661426316003;1.6563;-0.2922;-0.0332;0.11197326828200332;-0.9245593649128022;-0.2342178106542348;0.27891573120679136
1661426316027;1.6568;-0.2924;-0.0358;0.11304200195819969;-0.9263848127121374;-0.23378564735702284;0.2727213883424589
1661426316043;1.6573;-0.2925;-0.0377;0.11409451711251475;-0.9276007276442266;-0.23346988137469618;0.2683861876655518
1661426316059;1.6579;-0.2926;-0.0397;0.11543278756452312;-0.9283606067086482;-0.23350758550465528;0.2651340471882492
1661426316075;1.6585;-0.2927;-0.0418;0.11676405867770048;-0.9291099433040635;-0.2335413052040904;0.26187654843112707
1661426316091;1.6593;-0.2928;-0.0441;0.11912552250509686;-0.9299485945284997;-0.23253384193225912;0.25871361343883514
1661426316107;1.6601;-0.2929;-0.0466;0.12125262590550256;-0.9305702162951758;-0.23233885852251213;0.25564727277212723
1661426316123;1.661;-0.293;-0.0493;0.1236450447783762;-0.9313044887329759;-0.2323555281956804;0.25178316203525214
1661426316156;1.6629;-0.2933;-0.0549;0.12895045228368723;-0.932481628345812;-0.2319694210054621;0.24503057232061115
1661426316171;1.6637;-0.2934;-0.0574;0.1318662107404119;-0.932926611577152;-0.23157235540447063;0.24214351960885677
1661426316187;1.6645;-0.2935;-0.0597;0.13396208139691557;-0.933470921158168;-0.23139097250500357;0.23904898649255163
1661426316204;1.6652;-0.2936;-0.0616;0.13625755694442726;-0.9342030893209893;-0.23039622767346024;0.23583054160242906
1661426316219;1.6659;-0.2935;-0.0634;0.1375224173139393;-0.934840502712947;-0.2304210195472871;0.23252305901635634
1661426316243;1.6671;-0.293;-0.0655;0.140321852553228;-0.9357550373933868;-0.2298442660931006;0.22769255814157682
1661426316259;1.668;-0.2925;-0.0665;0.14120643813827294;-0.9367893386874894;-0.22944825009304748;0.22324868931081532
1661426316283;1.6697;-0.2911;-0.0676;0.1434817936066591;-0.9385934903590408;-0.22822120196609072;0.2153376830287763
1661426316300;1.6709;-0.2899;-0.068;0.1440019728645886;-0.9398942469127352;-0.22837599643170897;0.20906133235314725
1661426316315;1.6723;-0.2884;-0.0681;0.14509693116565542;-0.9416507238756986;-0.22705410125686262;0.20171075800046023
1661426316331;1.6739;-0.2867;-0.0681;0.1453090427309751;-0.943494692824561;-0.22585805348192475;0.19414218086199295
1661426316348;1.6757;-0.2847;-0.0681;0.14594372890228408;-0.9454530935043548;-0.22498785920121084;0.18493063345265026
1661426316364;1.6777;-0.2825;-0.068;0.1471280096551668;-0.9476852696875815;-0.2235922335841482;0.1739324336428855
1661426316388;1.6811;-0.2787;-0.0679;0.14940212146825405;-0.950953374755639;-0.22102274794265606;0.15657467877509285
1661426316412;1.6848;-0.2746;-0.0679;0.1513395639883522;-0.9544440635010213;-0.21805403677618823;0.1363279247442825
1661426316427;1.6874;-0.2718;-0.0678;0.15360623986023586;-0.9564285260200206;-0.21583104605448855;0.12274590522781545
1661426316443;1.6898;-0.2691;-0.0677;0.15549817723356302;-0.9582351774256456;-0.21334876343698433;0.10994528985359363
1661426316459;1.6922;-0.2665;-0.0677;0.15694773454173394;-0.9597053275962939;-0.21145804128574672;0.09807440839027765
1661426316484;1.6953;-0.2631;-0.0676;0.1586360430074219;-0.9617772397977642;-0.2078308902780046;0.08139697729150232
1661426316499;1.6971;-0.2611;-0.0675;0.1601815757892302;-0.9626542518794231;-0.20623582800680862;0.07145234329602869
1661426316531;1.7007;-0.2579;-0.0675;0.1621628618403929;-0.9644040998314191;-0.20134618546332855;0.055566645277998275
1661426316548;1.7026;-0.2566;-0.0674;0.16258456668181628;-0.965153634719851;-0.19891364608001158;0.04978033213129732
1661426316563;1.7046;-0.2556;-0.0674;0.16215866660447978;-0.9661855150428662;-0.19565922094395863;0.04367592730568922
1661426316579;1.7067;-0.2549;-0.0673;0.1623526291433333;-0.9670637427909027;-0.19219953936834902;0.03858339352743195
1661426316595;1.7088;-0.2543;-0.0673;0.16149222013487124;-0.9680796599243355;-0.18861224608465285;0.03416804799217697
1661426316612;1.7111;-0.254;-0.0673;0.16029900824551202;-0.969284428531275;-0.1838793238789867;0.031310043310601686
1661426316628;1.7133;-0.2538;-0.0672;0.15889775018096716;-0.9703307262145354;-0.17984017006432415;0.02944995726030999
1661426316659;1.7174;-0.2536;-0.0672;0.15620364461463754;-0.9723375397798276;-0.17186978648477316;0.024917998268212095
1661426316683;1.7201;-0.2535;-0.0671;0.15477795218855298;-0.9734698873897969;-0.16695223330239503;0.02295899947639584
1661426316708;1.7221;-0.2535;-0.0671;0.1534580852541778;-0.9744061567198978;-0.16300685626091915;0.02029834053343975
1661426316732;1.7234;-0.2535;-0.0671;0.15279853577576924;-0.9749366370849174;-0.16060431367629927;0.018905437389755104
1661426316755;1.7244;-0.2534;-0.0671;0.15128125605738799;-0.9755923571308552;-0.15821360823161276;0.01737781470422412
1661426316787;1.7252;-0.2532;-0.0671;0.14929440113042516;-0.9761479476500051;-0.15706562703019078;0.013294919909642346
1661426316811;1.726;-0.253;-0.0672;0.1471589673407076;-0.9767181765755827;-0.1557705283952023;0.010068980165085242
1661426316835;1.7271;-0.2527;-0.0672;0.1435711667686363;-0.97759517437891;-0.15385859814891975;0.004746248983199527
1661426316859;1.7284;-0.2523;-0.0673;0.13909862887127175;-0.9785589460200154;-0.15189956145079755;-0.0006955870788193097
1661426316883;1.7299;-0.2519;-0.0674;0.13483661102001412;-0.9795304647389617;-0.14925137099152325;-0.00794891401776772
1661426316899;1.7311;-0.2516;-0.0674;0.13114615722517411;-0.980287313824804;-0.14718213589695722;-0.013224472466973666
1661426316932;1.7336;-0.2509;-0.0676;0.12381388775841051;-0.9815166348132152;-0.1438609600581018;-0.024479398567991792
1661426316955;1.7353;-0.2505;-0.0677;0.11863752614138855;-0.9823307687744733;-0.14101827476295847;-0.0326380804105012
1661426316979;1.7368;-0.25;-0.0678;0.1141833429993558;-0.9829032295972648;-0.13888231247021715;-0.03968763928080258
1661426317004;1.7381;-0.2497;-0.0678;0.11043983026529716;-0.9833834782319746;-0.1366306125736251;-0.04573898052112538
1661426317027;1.7391;-0.2494;-0.0679;0.10746046568463917;-0.9836746887333936;-0.13515044278463811;-0.05070219793281329
1661426317059;1.7408;-0.2491;-0.0679;0.10435797195703006;-0.9840064188302833;-0.1335595805668563;-0.05479616618543963
1661426317083;1.7432;-0.2487;-0.0679;0.10194237016027301;-0.9842527616646296;-0.132703995869877;-0.056955278963615956
1661426317108;1.7467;-0.2483;-0.0679;0.10022437062905647;-0.9844291854726543;-0.13260438808622135;-0.05718680426404713
1661426317133;1.7513;-0.2477;-0.0678;0.09759655567226612;-0.9848034115334281;-0.13159486624184327;-0.057618956358327096
1661426317155;1.7571;-0.247;-0.0677;0.094809510341165;-0.9851935082662369;-0.13130814353365297;-0.05624126119388279
1661426317188;1.7668;-0.2459;-0.0676;0.09111269159502186;-0.98576661441674;-0.1301210174672729;-0.05505615446932862
1661426317220;1.7769;-0.2446;-0.0675;0.08655494273236085;-0.9863978508971282;-0.12889599874480642;-0.0539753938540837
1661426317243;1.7829;-0.2439;-0.0673;0.08300737128732391;-0.9867575364264322;-0.12864820533343557;-0.05356285916652369
1661426317267;1.7866;-0.2435;-0.0671;0.08050430908178088;-0.9865796141404137;-0.13189570702141207;-0.052756456013830236
1661426317299;1.787;-0.2435;-0.0665;0.07663662437960907;-0.9855506767936629;-0.14193995577759685;-0.05166952901958352
1661426317323;1.7836;-0.244;-0.0658;0.07297380433502978;-0.9837264296693611;-0.15627542842199474;-0.05035003398575133
1661426317348;1.7773;-0.2449;-0.065;0.06945881645244327;-0.9810715420412819;-0.1740178133817063;-0.048907083736579426
1661426317371;1.7692;-0.246;-0.064;0.06608079264359795;-0.9774006889126743;-0.1951320750355217;-0.047378217030140134
1661426317395;1.7614;-0.2471;-0.063;0.0624463882529402;-0.973501742529554;-0.21528980813549503;-0.04522283050702054
1661426317428;1.7531;-0.2482;-0.062;0.058586285268222266;-0.9690129163707395;-0.23619658905778226;-0.04234130846601094
1661426317451;1.749;-0.2488;-0.0615;0.0563214714672213;-0.9664779512166204;-0.24703838260316607;-0.04147648954169887
1661426317467;1.7473;-0.249;-0.0613;0.055659426230201176;-0.9654397857930045;-0.25121699726325664;-0.041449590657997214
1661426317491;1.746;-0.2492;-0.0611;0.05558556742324994;-0.9646118537734142;-0.2545605342316242;-0.04041225885499328
1661426317515;1.7457;-0.2492;-0.0611;0.05477920306693259;-0.9644375116285157;-0.2553668985879416;-0.04058660099989169
1661426317541;1.7457;-0.2492;-0.0611;0.05477920306693259;-0.9644375116285157;-0.2553668985879416;-0.04058660099989169
1661426317579;1.7458;-0.2492;-0.0611;0.05477920306693259;-0.9644375116285157;-0.2553668985879416;-0.04058660099989169
1661426317603;1.7466;-0.2491;-0.0611;0.05477920306693259;-0.9644375116285157;-0.2553668985879416;-0.04058660099989169
1661426317627;1.749;-0.2488;-0.0609;0.05477920306693259;-0.9644375116285157;-0.2553668985879416;-0.04058660099989169
1661426317651;1.7532;-0.2484;-0.0607;0.05477920306693259;-0.9644375116285157;-0.2553668985879416;-0.04058660099989169
1661426317683;1.7618;-0.2474;-0.0602;0.05477920306693259;-0.9644375116285157;-0.2553668985879416;-0.04058660099989169
1661426317707;1.7705;-0.2464;-0.0596;0.05477920306693259;-0.9644375116285157;-0.2553668985879416;-0.04058660099989169
1661426317732;1.7808;-0.2452;-0.059;0.05477920306693259;-0.9644375116285157;-0.2553668985879416;-0.04058660099989169
1661426317755;1.7919;-0.244;-0.0584;0.0539375518149997;-0.9644849482646455;-0.255331382864954;-0.040809435176423915
1661426317784;1.8035;-0.2426;-0.0577;0.0539375518149997;-0.9644849482646455;-0.255331382864954;-0.040809435176423915
1661426317819;1.8145;-0.2414;-0.057;0.0539375518149997;-0.9644849482646455;-0.255331382864954;-0.040809435176423915
1661426317843;1.8182;-0.2411;-0.0567;0.0539375518149997;-0.9644849482646455;-0.255331382864954;-0.040809435176423915
1661426317867;1.8181;-0.2414;-0.0565;0.0539375518149997;-0.9644849482646455;-0.255331382864954;-0.040809435176423915
1661426317891;1.8135;-0.2424;-0.0564;0.0539375518149997;-0.9644849482646455;-0.255331382864954;-0.040809435176423915
1661426317915;1.8053;-0.244;-0.0564;0.0539375518149997;-0.9644849482646455;-0.255331382864954;-0.040809435176423915
1661426317952;1.7876;-0.2475;-0.0564;0.0539375518149997;-0.9644849482646455;-0.255331382864954;-0.040809435176423915
1661426317971;1.7758;-0.2498;-0.0564;0.0539375518149997;-0.9644849482646455;-0.255331382864954;-0.040809435176423915
1661426317995;1.761;-0.2527;-0.0558;0.0539375518149997;-0.9644849482646455;-0.255331382864954;-0.040809435176423915
1661426318019;1.7471;-0.2556;-0.0539;0.0539375518149997;-0.9644849482646455;-0.255331382864954;-0.040809435176423915
1661426318043;1.735;-0.2585;-0.0499;0.0539375518149997;-0.9644849482646455;-0.255331382864954;-0.040809435176423915
1661426318075;1.7219;-0.2623;-0.0401;0.0539375518149997;-0.9644849482646455;-0.255331382864954;-0.040809435176423915
1661426318099;1.7143;-0.2651;-0.0292;0.0539375518149997;-0.9644849482646455;-0.255331382864954;-0.040809435176423915
1661426318123;1.7084;-0.268;-0.0153;0.0539375518149997;-0.9644849482646455;-0.255331382864954;-0.040809435176423915
1661426318148;1.7036;-0.2711;0.0015;0.0539375518149997;-0.9644849482646455;-0.255331382864954;-0.040809435176423915
1661426318172;1.6993;-0.2743;0.02;0.0539375518149997;-0.9644849482646455;-0.255331382864954;-0.040809435176423915
1661426318203;1.6936;-0.2785;0.0449;0.0539375518149997;-0.9644849482646455;-0.255331382864954;-0.040809435176423915
1661426318227;1.6898;-0.2814;0.0617;0.0539375518149997;-0.9644849482646455;-0.255331382864954;-0.040809435176423915
1661426318251;1.6867;-0.2837;0.0756;0.0539375518149997;-0.9644849482646455;-0.255331382864954;-0.040809435176423915
1661426318275;1.6841;-0.285;0.0868;0.0539375518149997;-0.9644849482646455;-0.255331382864954;-0.040809435176423915
1661426318299;1.682;-0.2844;0.0954;0.055656015423320444;-0.9641660928646844;-0.2562437109443294;-0.040315182236060454
1661426318333;1.6797;-0.2792;0.1038;0.060297198202755344;-0.9637472572271569;-0.25723330539453165;-0.03723571768925002
1661426318355;1.6777;-0.2713;0.1089;0.06686430314967629;-0.9629074304608494;-0.2591322949309613;-0.03448041547612503
1661426318380;1.675;-0.2593;0.1141;0.07551845696068982;-0.9617074296176569;-0.26183781768354664;-0.029270116282544837
1661426318403;1.6708;-0.2429;0.1202;0.08791829354622702;-0.9596893744972665;-0.26612873582341273;-0.021027936322824698
1661426318428;1.6646;-0.2231;0.1272;0.10251303374832654;-0.9572684078056443;-0.270192964149463;-0.011137120502528484
1661426318459;1.6526;-0.1934;0.1373;0.12450569141330112;-0.9528388604123764;-0.2766514738108895;0.007771803651816855
1661426318483;1.6409;-0.1704;0.1447;0.1422682965342921;-0.9485841915664768;-0.28166349966190285;0.024767645621128244
1661426318507;1.627;-0.1479;0.1517;0.15899740116886207;-0.9440181660990686;-0.2856176973932952;0.044407875790801465
1661426318533;1.6112;-0.127;0.1581;0.17425427186632905;-0.9389399186323663;-0.28951276166480056;0.06488172907838746
1661426318556;1.5942;-0.1083;0.1639;0.18840038575763082;-0.9337970606666776;-0.29126180593933626;0.08772060497742568
1661426318587;1.5701;-0.0869;0.1708;0.20331260523707653;-0.9265329602659419;-0.29301227259557056;0.11976838564881045
1661426318611;1.5511;-0.0737;0.1756;0.21275592283026887;-0.9208046870788801;-0.2929035501664876;0.14512462180510316
1661426318635;1.5317;-0.0628;0.1802;0.2201300289778885;-0.9146454942818736;-0.2922945654828274;0.1718437578769338
1661426318659;1.512;-0.0543;0.1846;0.22516700545248422;-0.9087586539676937;-0.28997611260707606;0.1984222331586734
1661426318683;1.4924;-0.048;0.1891;0.2276098808537329;-0.9031356544968623;-0.2857741710903375;0.22555011605384756
1661426318715;1.4666;-0.0432;0.1953;0.22697808791497087;-0.8951172338836367;-0.2795612016431509;0.2628528480857832
1661426318740;1.4478;-0.0421;0.2002;0.22417247563246268;-0.8895347305244925;-0.2725836697929135;0.29012550270832727
1661426318763;1.4297;-0.0429;0.2056;0.21892372038832109;-0.8838598460587738;-0.2650631710502297;0.31718400421379006
1661426318787;1.4124;-0.0455;0.2113;0.2104021623884761;-0.8783501343776497;-0.25630304373443275;0.34429743140703684
1661426318811;1.396;-0.0499;0.2176;0.20049715350606928;-0.8730850160128544;-0.24608232808772607;0.37009044036927274
1661426318843;1.3758;-0.0581;0.2268;0.1825914098110577;-0.8662968146547161;-0.23136485781869415;0.40331192463010385
1661426318867;1.3621;-0.0658;0.2344;0.1673179209133044;-0.8615613380818402;-0.21794055783227473;0.4268708086946626
1661426318892;1.3496;-0.0747;0.2426;0.14943178789538955;-0.8570456175366119;-0.20416472249869247;0.44884264092742665
1661426318915;1.3384;-0.0847;0.2514;0.12886262269104373;-0.8526929709673102;-0.19004751759674687;0.46924520540058984
1661426318940;1.3288;-0.0955;0.2607;0.10611181610965703;-0.8489547026058604;-0.17496956254809837;0.48723900458299996
1661426318971;1.3185;-0.1104;0.2735;0.07512471039040769;-0.8443952016162054;-0.1542582967659102;0.507501132269836
1661426318995;1.3128;-0.1213;0.2828;0.05229504255688608;-0.8413638660137481;-0.13911422062686166;0.5196338202135751
1661426319020;1.3083;-0.1311;0.2915;0.0311316924982398;-0.839150665663194;-0.12555357257964017;0.5282927961383753
1661426319043;1.3045;-0.1391;0.2993;0.012394523324700202;-0.8370864895419696;-0.11434652484790882;0.5348433949045852
1661426319067;1.3004;-0.1442;0.306;-0.0018515487205538472;-0.8353555832182366;-0.10514919637512123;0.5395565474119663
1661426319091;1.2952;-0.146;0.3116;-0.011824346893565874;-0.8343446768595475;-0.0989269706922542;0.5421647346391424
1661426319115;1.2879;-0.1445;0.3165;-0.0191001018815133;-0.8327486237362264;-0.0953851507906543;0.5450381535105415
1661426319140;1.2778;-0.1396;0.3213;-0.02246659605022834;-0.8314197157546506;-0.0933071950830416;0.5472935918335854
1661426319163;1.2643;-0.1315;0.3261;-0.024151148112420806;-0.8301420390888019;-0.09289016724278915;0.5492288537685767
1661426319187;1.2473;-0.1206;0.3314;-0.024286065706293797;-0.828174254389696;-0.09283988722544549;0.5521941205034216
1661426319219;1.219;-0.1026;0.3394;-0.024374825876058367;-0.825471701115855;-0.09406053829086317;0.5560170443941818
1661426319243;1.1935;-0.0869;0.346;-0.02452356824504047;-0.822754941767692;-0.09522097389889307;0.5598266397083285
1661426319267;1.1642;-0.0696;0.3529;-0.02419010133844457;-0.8195779938098047;-0.09567580758804808;0.5644048997858775
1661426319291;1.1312;-0.0507;0.3598;-0.02371737162851993;-0.8163220098114611;-0.09626661789608902;0.5690242533137405
1661426319315;1.095;-0.031;0.3664;-0.023522246419090842;-0.812578163181589;-0.09659534611751164;0.5743106927023669
1661426319348;1.0428;-0.004;0.3742;-0.024439071278994487;-0.8070294053085199;-0.09828568888007859;0.5817612862023094
1661426319371;1.0014;0.016;0.3788;-0.02382224431076621;-0.8027257404928891;-0.09783180244077067;0.5877863767197491
1661426319395;0.959;0.0355;0.3822;-0.024383926149439156;-0.798235046500853;-0.09862022732888187;0.5937173447398346
1661426319419;0.9157;0.0541;0.3843;-0.024809899338442742;-0.7933378029239583;-0.09834087813734181;0.6002738300424063
1661426319443;0.8725;0.0716;0.3851;-0.02593418667315313;-0.7883435134399503;-0.09857309969806419;0.6067332748371995
1661426319475;0.815;0.0932;0.3838;-0.025920589730316898;-0.7822344515361861;-0.0975288089625724;0.614756469897029
1661426319499;0.7729;0.1078;0.3813;-0.026779984622730818;-0.7772599393719343;-0.09679153037249112;0.6211128872590671
1661426319523;0.7327;0.1209;0.3776;-0.02810418268193715;-0.7726933545112668;-0.09679075325658082;0.6267269619969525
1661426319548;0.6948;0.1323;0.373;-0.029327086133527025;-0.7677395985603317;-0.09567662581365804;0.632899529225809
1661426319571;0.6598;0.1422;0.3676;-0.02960244642324858;-0.7638557370277185;-0.09425742765160182;0.6377802486029986
1661426319603;0.6177;0.1532;0.3598;-0.03182050790967067;-0.758267278582428;-0.09336762662404939;0.6444382637663294
1661426319628;0.5895;0.16;0.3537;-0.032764302785193655;-0.7548887409126539;-0.09248234590143595;0.6484724396633025
1661426319651;0.5643;0.1658;0.3476;-0.03324623916384112;-0.751612637310269;-0.09083024018240315;0.6524745194146433
1661426319675;0.5419;0.1706;0.3417;-0.03350671630104615;-0.7488400167518736;-0.08938684870354208;0.6558398589233693
1661426319699;0.5223;0.1746;0.3361;-0.03515259960150435;-0.7460291978920707;-0.08900722298498856;0.6590010962739519
1661426319732;0.5005;0.1788;0.3294;-0.03550334493960844;-0.7432564764925947;-0.08746806003499466;0.6623131141111633
1661426319755;0.4872;0.1812;0.3251;-0.036447371565680814;-0.7410866747670914;-0.08655254757532244;0.6648088342499895
1661426319779;0.4767;0.183;0.3215;-0.03680750310560604;-0.739921402114626;-0.086206111121399;0.6661306424517506
1661426319803;0.4687;0.1844;0.3187;-0.037249544061544265;-0.7388054273447883;-0.08577739053066041;0.6673988696925119
1661426319827;0.4631;0.1854;0.3167;-0.037767162740644566;-0.7377366384940495;-0.08527271745538106;0.668615627472015
1661426319859;0.4585;0.1861;0.315;-0.03800050927655535;-0.7371832661559353;-0.08504570317349597;0.6692413778048362
1661426319883;0.4568;0.1864;0.3144;-0.03794125465102438;-0.7371421597595479;-0.08510495779902719;0.6692824842012235
1661426319907;0.456;0.1865;0.3141;-0.03788207185990283;-0.7371009500069903;-0.08516414059014868;0.6693236939537812
1661426319932;0.4559;0.1865;0.3141;-0.03788207185990283;-0.7371009500069903;-0.08516414059014868;0.6693236939537812
1661426319957;0.4559;0.1865;0.3141;-0.03788207185990283;-0.7371009500069903;-0.08516414059014868;0.6693236939537812
1661426319987;0.4559;0.1865;0.3141;-0.03788207185990283;-0.7371009500069903;-0.08516414059014868;0.6693236939537812
1661426320011;0.4559;0.1865;0.3141;-0.03788207185990283;-0.7371009500069903;-0.08516414059014868;0.6693236939537812
1661426320035;0.4559;0.1865;0.3141;-0.03788207185990283;-0.7371009500069903;-0.08516414059014868;0.6693236939537812
1661426320059;0.4559;0.1865;0.3141;-0.03788207185990283;-0.7371009500069903;-0.08516414059014868;0.6693236939537812
1661426320083;0.4559;0.1865;0.3141;-0.03788207185990283;-0.7371009500069903;-0.08516414059014868;0.6693236939537812
1661426320115;0.4559;0.1865;0.3141;-0.03788207185990283;-0.7371009500069903;-0.08516414059014868;0.6693236939537812
1661426320140;0.4559;0.1865;0.3141;-0.03788207185990283;-0.7371009500069903;-0.08516414059014868;0.6693236939537812
1661426320163;0.4559;0.1865;0.3141;-0.03788207185990283;-0.7371009500069903;-0.08516414059014868;0.6693236939537812
1661426320187;0.4559;0.1865;0.3141;-0.03788207185990283;-0.7371009500069903;-0.08516414059014868;0.6693236939537812
1661426320212;0.4559;0.1865;0.3141;-0.03788207185990283;-0.7371009500069903;-0.08516414059014868;0.6693236939537812
1661426320243;0.4559;0.1865;0.3141;-0.03788207185990283;-0.7371009500069903;-0.08516414059014868;0.6693236939537812
1661426320267;0.4559;0.1865;0.3141;-0.03788207185990283;-0.7371009500069903;-0.08516414059014868;0.6693236939537812
1661426320291;0.4559;0.1865;0.3141;-0.03788207185990283;-0.7371009500069903;-0.08516414059014868;0.6693236939537812
1661426320316;0.4559;0.1865;0.3141;-0.03788207185990283;-0.7371009500069903;-0.08516414059014868;0.6693236939537812
1661426320340;0.4559;0.1865;0.3141;-0.03788207185990283;-0.7371009500069903;-0.08516414059014868;0.6693236939537812
1661426320372;0.4559;0.1865;0.3141;-0.03788207185990283;-0.7371009500069903;-0.08516414059014868;0.6693236939537812
1661426320395;0.4559;0.1865;0.3141;-0.03788207185990283;-0.7371009500069903;-0.08516414059014868;0.6693236939537812
1661426320420;0.4559;0.1865;0.3141;-0.03788207185990283;-0.7371009500069903;-0.08516414059014868;0.6693236939537812
1661426320443;0.4559;0.1865;0.3141;-0.03788207185990283;-0.7371009500069903;-0.08516414059014868;0.6693236939537812
1661426320467;0.4559;0.1865;0.3141;-0.03788207185990283;-0.7371009500069903;-0.08516414059014868;0.6693236939537812
1661426320499;0.4559;0.1865;0.3141;-0.03788207185990283;-0.7371009500069903;-0.08516414059014868;0.6693236939537812
1661426320524;0.4559;0.1865;0.3141;-0.03788207185990283;-0.7371009500069903;-0.08516414059014868;0.6693236939537812
1661426320548;0.4559;0.1865;0.3141;-0.03788207185990283;-0.7371009500069903;-0.08516414059014868;0.6693236939537812
1661426320571;0.4559;0.1865;0.3141;-0.03788207185990283;-0.7371009500069903;-0.08516414059014868;0.6693236939537812
1661426320595;0.4559;0.1865;0.3141;-0.03788207185990283;-0.7371009500069903;-0.08516414059014868;0.6693236939537812
