1661426334729;0.4559;0.1865;0.3141;-0.03788207185990283;-0.7371009500069903;-0.08516414059014868;0.6693236939537812
1661426334748;0.4559;0.1865;0.3141;-0.03788207185990283;-0.7371009500069903;-0.08516414059014868;0.6693236939537812
1661426334772;0.4559;0.1865;0.3141;-0.03788207185990283;-0.7371009500069903;-0.08516414059014868;0.6693236939537812
1661426334795;0.4559;0.1865;0.3141;-0.03788207185990283;-0.7371009500069903;-0.08516414059014868;0.6693236939537812
1661426334811;0.4559;0.1865;0.3141;-0.03788207185990283;-0.7371009500069903;-0.08516414059014868;0.6693236939537812
1661426334835;0.4559;0.1865;0.3141;-0.03788207185990283;-0.7371009500069903;-0.08516414059014868;0.6693236939537812
1661426334851;0.4559;0.1865;0.3141;-0.03788207185990283;-0.7371009500069903;-0.08516414059014868;0.6693236939537812
1661426334867;0.4559;0.1865;0.3141;-0.03788207185990283;-0.7371009500069903;-0.08516414059014868;0.6693236939537812
1661426334883;0.4559;0.1865;0.3141;-0.03788207185990283;-0.7371009500069903;-0.08516414059014868;0.6693236939537812
1661426334899;0.4559;0.1865;0.3141;-0.03788207185990283;-0.7371009500069903;-0.08516414059014868;0.6693236939537812
1661426334915;0.4559;0.1865;0.3141;-0.03788207185990283;-0.7371009500069903;-0.08516414059014868;0.6693236939537812
1661426334931;0.4559;0.1865;0.3141;-0.03788207185990283;-0.7371009500069903;-0.08516414059014868;0.6693236939537812
1661426334947;0.4559;0.1865;0.3141;-0.03788207185990283;-0.7371009500069903;-0.08516414059014868;0.6693236939537812
1661426334971;0.4559;0.1865;0.3141;-0.03788207185990283;-0.7371009500069903;-0.08516414059014868;0.6693236939537812
1661426334987;0.4559;0.1865;0.3141;-0.03788207185990283;-0.7371009500069903;-0.08516414059014868;0.6693236939537812
1661426335003;0.4559;0.1865;0.3141;-0.03788207185990283;-0.7371009500069903;-0.08516414059014868;0.6693236939537812
1661426335019;0.4559;0.1865;0.3141;-0.03788207185990283;-0.7371009500069903;-0.08516414059014868;0.6693236939537812
1661426335035;0.4559;0.1865;0.3141;-0.03788207185990283;-0.7371009500069903;-0.08516414059014868;0.6693236939537812
1661426335051;0.4559;0.1865;0.3141;-0.03788207185990283;-0.7371009500069903;-0.08516414059014868;0.6693236939537812
1661426335067;0.4559;0.1865;0.3141;-0.03788207185990283;-0.7371009500069903;-0.08516414059014868;0.6693236939537812
1661426335091;0.4559;0.1865;0.3141;-0.03788207185990283;-0.7371009500069903;-0.08516414059014868;0.6693236939537812
1661426335107;0.4559;0.1865;0.3141;-0.03788207185990283;-0.7371009500069903;-0.08516414059014868;0.6693236939537812
1661426335123;0.4559;0.1865;0.3141;-0.03788207185990283;-0.7371009500069903;-0.08516414059014868;0.6693236939537812
1661426335139;0.4559;0.1865;0.3141;-0.03788207185990283;-0.7371009500069903;-0.08516414059014868;0.6693236939537812
1661426335156;0.4559;0.1865;0.3141;-0.03788207185990283;-0.7371009500069903;-0.08516414059014868;0.6693236939537812
1661426335180;0.4559;0.1865;0.3141;-0.03788207185990283;-0.7371009500069903;-0.08516414059014868;0.6693236939537812
1661426335195;0.4559;0.1865;0.3141;-0.03788207185990283;-0.7371009500069903;-0.08516414059014868;0.6693236939537812
1661426335227;0.4559;0.1865;0.3141;-0.03788207185990283;-0.7371009500069903;-0.08516414059014868;0.6693236939537812
1661426335243;0.4559;0.1865;0.3141;-0.03788207185990283;-0.7371009500069903;-0.08516414059014868;0.6693236939537812
1661426335259;0.4559;0.1865;0.3141;-0.03788207185990283;-0.7371009500069903;-0.08516414059014868;0.6693236939537812
1661426335275;0.4559;0.1865;0.3141;-0.03788207185990283;-0.7371009500069903;-0.08516414059014868;0.6693236939537812
1661426335291;0.4559;0.1865;0.3141;-0.03788207185990283;-0.7371009500069903;-0.08516414059014868;0.6693236939537812
1661426335307;0.4559;0.1865;0.3141;-0.03788207185990283;-0.7371009500069903;-0.08516414059014868;0.6693236939537812
1661426335323;0.4559;0.1865;0.3141;-0.03788207185990283;-0.7371009500069903;-0.08516414059014868;0.6693236939537812
1661426335348;0.4559;0.1865;0.3141;-0.03788207185990283;-0.7371009500069903;-0.08516414059014868;0.6693236939537812
1661426335364;0.4559;0.1865;0.3141;-0.03788207185990283;-0.7371009500069903;-0.08516414059014868;0.6693236939537812
1661426335379;0.4559;0.1865;0.3141;-0.03788207185990283;-0.7371009500069903;-0.08516414059014868;0.6693236939537812
1661426335396;0.4559;0.1865;0.3141;-0.03788207185990283;-0.7371009500069903;-0.08516414059014868;0.6693236939537812
1661426335420;0.4559;0.1865;0.3141;-0.03788207185990283;-0.7371009500069903;-0.08516414059014868;0.6693236939537812
1661426335435;0.4559;0.1865;0.3141;-0.03788207185990283;-0.7371009500069903;-0.08516414059014868;0.6693236939537812
1661426335451;0.4559;0.1865;0.3141;-0.03788207185990283;-0.7371009500069903;-0.08516414059014868;0.6693236939537812
1661426335475;0.4559;0.1865;0.3141;-0.03788207185990283;-0.7371009500069903;-0.08516414059014868;0.6693236939537812
1661426335491;0.4559;0.1865;0.3141;-0.03788207185990283;-0.7371009500069903;-0.08516414059014868;0.6693236939537812
1661426335507;0.4559;0.1865;0.3141;-0.03788207185990283;-0.7371009500069903;-0.08516414059014868;0.6693236939537812
1661426335523;0.4559;0.1865;0.3141;-0.03788207185990283;-0.7371009500069903;-0.08516414059014868;0.6693236939537812
1661426335540;0.4559;0.1865;0.3141;-0.03788207185990283;-0.7371009500069903;-0.08516414059014868;0.6693236939537812
1661426335556;0.4559;0.1865;0.3141;-0.03788207185990283;-0.7371009500069903;-0.08516414059014868;0.6693236939537812
1661426335571;0.4559;0.1865;0.3141;-0.03788207185990283;-0.7371009500069903;-0.08516414059014868;0.6693236939537812
1661426335587;0.4559;0.1865;0.3141;-0.03788207185990283;-0.7371009500069903;-0.08516414059014868;0.6693236939537812
1661426335612;0.4559;0.1865;0.3141;-0.03788207185990283;-0.7371009500069903;-0.08516414059014868;0.6693236939537812
1661426335627;0.4559;0.1865;0.3141;-0.03788207185990283;-0.7371009500069903;-0.08516414059014868;0.6693236939537812
1661426335643;0.4559;0.1865;0.3141;-0.03788207185990283;-0.7371009500069903;-0.08516414059014868;0.6693236939537812
1661426335660;0.4559;0.1865;0.3141;-0.03788207185990283;-0.7371009500069903;-0.08516414059014868;0.6693236939537812
1661426335675;0.4559;0.1865;0.3141;-0.03788207185990283;-0.7371009500069903;-0.08516414059014868;0.6693236939537812
1661426335691;0.4559;0.1865;0.3141;-0.03788207185990283;-0.7371009500069903;-0.08516414059014868;0.6693236939537812
1661426335708;0.4559;0.1865;0.3141;-0.03788207185990283;-0.7371009500069903;-0.08516414059014868;0.6693236939537812
1661426335732;0.4559;0.1865;0.3141;-0.03788207185990283;-0.7371009500069903;-0.08516414059014868;0.6693236939537812
1661426335748;0.4559;0.1865;0.3141;-0.03788207185990283;-0.7371009500069903;-0.08516414059014868;0.6693236939537812
1661426335763;0.4559;0.1865;0.3141;-0.03788207185990283;-0.7371009500069903;-0.08516414059014868;0.6693236939537812
1661426335779;0.4559;0.1865;0.3141;-0.03788207185990283;-0.7371009500069903;-0.08516414059014868;0.6693236939537812
1661426335787;0.4559;0.1865;0.3141;-0.03788207185990283;-0.7371009500069903;-0.08516414059014868;0.6693236939537812
1661426335803;0.4559;0.1865;0.3141;-0.03788207185990283;-0.7371009500069903;-0.08516414059014868;0.6693236939537812
1661426335819;0.4559;0.1865;0.3141;-0.03788207185990283;-0.7371009500069903;-0.08516414059014868;0.6693236939537812
1661426335835;0.4559;0.1865;0.3141;-0.03788207185990283;-0.7371009500069903;-0.08516414059014868;0.6693236939537812
1661426335860;0.4559;0.1865;0.3141;-0.03788207185990283;-0.7371009500069903;-0.08516414059014868;0.6693236939537812
1661426335883;0.4559;0.1865;0.3141;-0.03788207185990283;-0.7371009500069903;-0.08516414059014868;0.6693236939537812
1661426335899;0.4559;0.1865;0.3141;-0.03788207185990283;-0.7371009500069903;-0.08516414059014868;0.6693236939537812
1661426335923;0.4559;0.1865;0.3141;-0.03788207185990283;-0.7371009500069903;-0.08516414059014868;0.6693236939537812
1661426335940;0.4559;0.1865;0.3141;-0.03788207185990283;-0.7371009500069903;-0.08516414059014868;0.6693236939537812
1661426335955;0.4559;0.1865;0.3141;-0.03788207185990283;-0.7371009500069903;-0.08516414059014868;0.6693236939537812
1661426335971;0.4559;0.1865;0.3141;-0.03788207185990283;-0.7371009500069903;-0.08516414059014868;0.6693236939537812
1661426335995;0.4559;0.1865;0.3141;-0.03788207185990283;-0.7371009500069903;-0.08516414059014868;0.6693236939537812
1661426336020;0.4559;0.1865;0.3141;-0.03788207185990283;-0.7371009500069903;-0.08516414059014868;0.6693236939537812
1661426336043;0.4559;0.1865;0.3141;-0.03788207185990283;-0.7371009500069903;-0.08516414059014868;0.6693236939537812
1661426336059;0.4559;0.1865;0.3141;-0.03788207185990283;-0.7371009500069903;-0.08516414059014868;0.6693236939537812
1661426336067;0.4559;0.1865;0.3141;-0.03788207185990283;-0.7371009500069903;-0.08516414059014868;0.6693236939537812
1661426336083;0.4559;0.1865;0.3141;-0.03788207185990283;-0.7371009500069903;-0.08516414059014868;0.6693236939537812
1661426336099;0.4559;0.1865;0.3141;-0.03788207185990283;-0.7371009500069903;-0.08516414059014868;0.6693236939537812
1661426336124;0.4559;0.1865;0.3141;-0.03788207185990283;-0.7371009500069903;-0.08516414059014868;0.6693236939537812
1661426336131;0.4559;0.1865;0.3141;-0.03788207185990283;-0.7371009500069903;-0.08516414059014868;0.6693236939537812
1661426336148;0.4559;0.1865;0.3141;-0.03788207185990283;-0.7371009500069903;-0.08516414059014868;0.6693236939537812
1661426336171;0.4559;0.1865;0.3141;-0.03788207185990283;-0.7371009500069903;-0.08516414059014868;0.6693236939537812
1661426336187;0.4559;0.1865;0.3141;-0.03788207185990283;-0.7371009500069903;-0.08516414059014868;0.6693236939537812
1661426336203;0.4559;0.1865;0.3141;-0.03788207185990283;-0.7371009500069903;-0.08516414059014868;0.6693236939537812
1661426336219;0.4559;0.1865;0.3141;-0.03788207185990283;-0.7371009500069903;-0.08516414059014868;0.6693236939537812
1661426336243;0.4559;0.1865;0.3141;-0.03788207185990283;-0.7371009500069903;-0.08516414059014868;0.6693236939537812
1661426336259;0.4559;0.1865;0.3141;-0.03788207185990283;-0.7371009500069903;-0.08516414059014868;0.6693236939537812
1661426336275;0.4559;0.1865;0.3141;-0.03788207185990283;-0.7371009500069903;-0.08516414059014868;0.6693236939537812
1661426336291;0.4559;0.1865;0.3141;-0.03788207185990283;-0.7371009500069903;-0.08516414059014868;0.6693236939537812
1661426336307;0.4559;0.1865;0.3141;-0.03788207185990283;-0.7371009500069903;-0.08516414059014868;0.6693236939537812
1661426336323;0.4559;0.1865;0.3141;-0.03788207185990283;-0.7371009500069903;-0.08516414059014868;0.6693236939537812
1661426336339;0.4559;0.1865;0.3141;-0.03788207185990283;-0.7371009500069903;-0.08516414059014868;0.6693236939537812
1661426336355;0.4559;0.1865;0.3141;-0.03788207185990283;-0.7371009500069903;-0.08516414059014868;0.6693236939537812
1661426336379;0.4559;0.1865;0.3141;-0.03788207185990283;-0.7371009500069903;-0.08516414059014868;0.6693236939537812
1661426336395;0.4559;0.1865;0.3141;-0.03788207185990283;-0.7371009500069903;-0.08516414059014868;0.6693236939537812
1661426336411;0.4559;0.1865;0.3141;-0.03788207185990283;-0.7371009500069903;-0.08516414059014868;0.6693236939537812
1661426336428;0.4559;0.1865;0.3141;-0.03788207185990283;-0.7371009500069903;-0.08516414059014868;0.6693236939537812
1661426336443;0.4559;0.1865;0.3141;-0.03788207185990283;-0.7371009500069903;-0.08516414059014868;0.6693236939537812
1661426336459;0.4559;0.1865;0.3141;-0.03788207185990283;-0.7371009500069903;-0.08516414059014868;0.6693236939537812
1661426336475;0.4559;0.1865;0.3141;-0.03788207185990283;-0.7371009500069903;-0.08516414059014868;0.6693236939537812
1661426336499;0.4559;0.1865;0.3141;-0.03788207185990283;-0.7371009500069903;-0.08516414059014868;0.6693236939537812
1661426336523;0.4559;0.1865;0.3141;-0.03788207185990283;-0.7371009500069903;-0.08516414059014868;0.6693236939537812
1661426336540;0.4559;0.1865;0.3141;-0.03788207185990283;-0.7371009500069903;-0.08516414059014868;0.6693236939537812
1661426336563;0.4559;0.1865;0.3141;-0.03788207185990283;-0.7371009500069903;-0.08516414059014868;0.6693236939537812
1661426336579;0.4559;0.1865;0.3141;-0.03788207185990283;-0.7371009500069903;-0.08516414059014868;0.6693236939537812
1661426336596;0.4559;0.1865;0.3141;-0.03788207185990283;-0.7371009500069903;-0.08516414059014868;0.6693236939537812
1661426336611;0.4559;0.1865;0.3141;-0.03788207185990283;-0.7371009500069903;-0.08516414059014868;0.6693236939537812
1661426336635;0.4559;0.1865;0.3141;-0.03788207185990283;-0.7371009500069903;-0.08516414059014868;0.6693236939537812
1661426336651;0.4559;0.1865;0.3141;-0.03788207185990283;-0.7371009500069903;-0.08516414059014868;0.6693236939537812
1661426336675;0.4559;0.1865;0.3141;-0.03788207185990283;-0.7371009500069903;-0.08516414059014868;0.6693236939537812
1661426336691;0.4559;0.1865;0.3141;-0.03788207185990283;-0.7371009500069903;-0.08516414059014868;0.6693236939537812
1661426336707;0.4559;0.1865;0.3141;-0.03788207185990283;-0.7371009500069903;-0.08516414059014868;0.6693236939537812
1661426336723;0.4559;0.1865;0.3141;-0.03788207185990283;-0.7371009500069903;-0.08516414059014868;0.6693236939537812
1661426336740;0.4559;0.1865;0.3141;-0.03788207185990283;-0.7371009500069903;-0.08516414059014868;0.6693236939537812
1661426336771;0.4559;0.1865;0.3141;-0.03788207185990283;-0.7371009500069903;-0.08516414059014868;0.6693236939537812
1661426336787;0.4559;0.1865;0.3141;-0.03788207185990283;-0.7371009500069903;-0.08516414059014868;0.6693236939537812
1661426336803;0.4559;0.1865;0.3141;-0.03788207185990283;-0.7371009500069903;-0.08516414059014868;0.6693236939537812
1661426336819;0.4559;0.1865;0.3141;-0.03788207185990283;-0.7371009500069903;-0.08516414059014868;0.6693236939537812
1661426336835;0.4559;0.1865;0.3141;-0.03788207185990283;-0.7371009500069903;-0.08516414059014868;0.6693236939537812
1661426336852;0.4559;0.1865;0.3141;-0.03788207185990283;-0.7371009500069903;-0.08516414059014868;0.6693236939537812
1661426336860;0.4559;0.1865;0.3141;-0.03788207185990283;-0.7371009500069903;-0.08516414059014868;0.6693236939537812
1661426336883;0.4559;0.1865;0.3141;-0.03788207185990283;-0.7371009500069903;-0.08516414059014868;0.6693236939537812
1661426336899;0.4559;0.1865;0.3141;-0.03788207185990283;-0.7371009500069903;-0.08516414059014868;0.6693236939537812
1661426336915;0.4559;0.1865;0.3141;-0.03788207185990283;-0.7371009500069903;-0.08516414059014868;0.6693236939537812
1661426336932;0.4559;0.1865;0.3141;-0.03788207185990283;-0.7371009500069903;-0.08516414059014868;0.6693236939537812
1661426336947;0.4559;0.1865;0.3141;-0.03788207185990283;-0.7371009500069903;-0.08516414059014868;0.6693236939537812
1661426336971;0.4559;0.1865;0.3141;-0.03788207185990283;-0.7371009500069903;-0.08516414059014868;0.6693236939537812
1661426336987;0.4559;0.1865;0.3141;-0.03788207185990283;-0.7371009500069903;-0.08516414059014868;0.6693236939537812
1661426337011;0.4559;0.1865;0.3141;-0.03788207185990283;-0.7371009500069903;-0.08516414059014868;0.6693236939537812
1661426337028;0.4559;0.1865;0.3141;-0.03788207185990283;-0.7371009500069903;-0.08516414059014868;0.6693236939537812
1661426337043;0.4559;0.1865;0.3141;-0.03788207185990283;-0.7371009500069903;-0.08516414059014868;0.6693236939537812
1661426337060;0.4559;0.1865;0.3141;-0.03788207185990283;-0.7371009500069903;-0.08516414059014868;0.6693236939537812
1661426337075;0.4559;0.1865;0.3141;-0.03788207185990283;-0.7371009500069903;-0.08516414059014868;0.6693236939537812
1661426337091;0.4559;0.1865;0.3141;-0.03788207185990283;-0.7371009500069903;-0.08516414059014868;0.6693236939537812
1661426337107;0.4559;0.1865;0.3141;-0.03788207185990283;-0.7371009500069903;-0.08516414059014868;0.6693236939537812
1661426337123;0.4559;0.1865;0.3141;-0.03788207185990283;-0.7371009500069903;-0.08516414059014868;0.6693236939537812
1661426337148;0.4559;0.1865;0.3141;-0.03788207185990283;-0.7371009500069903;-0.08516414059014868;0.6693236939537812
1661426337171;0.4559;0.1865;0.3141;-0.03788207185990283;-0.7371009500069903;-0.08516414059014868;0.6693236939537812
1661426337187;0.4559;0.1865;0.3141;-0.03788207185990283;-0.7371009500069903;-0.08516414059014868;0.6693236939537812
1661426337203;0.4559;0.1865;0.3141;-0.03788207185990283;-0.7371009500069903;-0.08516414059014868;0.6693236939537812
1661426337220;0.4559;0.1865;0.3141;-0.03788207185990283;-0.7371009500069903;-0.08516414059014868;0.6693236939537812
1661426337243;0.4559;0.1865;0.3141;-0.03788207185990283;-0.7371009500069903;-0.08516414059014868;0.6693236939537812
1661426337267;0.4564;0.1865;0.3142;-0.03729796239856051;-0.7371749890632348;-0.08452086631883263;0.6693564974341023
1661426337283;0.4571;0.1863;0.3145;-0.03794125465102438;-0.7371421597595479;-0.08510495779902719;0.6692824842012235
1661426337299;0.4583;0.1862;0.3149;-0.03800050927655535;-0.7371832661559353;-0.08504570317349597;0.6692413778048362
1661426337315;0.4601;0.1859;0.3156;-0.037706879487576006;-0.7376951294593121;-0.08533300070844968;0.6686571365067525
1661426337332;0.4627;0.1854;0.3165;-0.037767162740644566;-0.7377366384940495;-0.08527271745538106;0.668615627472015
1661426337347;0.4662;0.1848;0.3178;-0.037537620893504625;-0.7382914636493483;-0.08549583334827435;0.6679873533235811
1661426337372;0.4734;0.1836;0.3203;-0.03702660622809828;-0.7393627152289497;-0.08599371502416966;0.6667659909869774
1661426337404;0.4874;0.1812;0.3251;-0.036447371565680814;-0.7410866747670914;-0.08655254757532244;0.6648088342499895
1661426337420;0.4963;0.1795;0.328;-0.035700274017070766;-0.7426901599494558;-0.08727839998499382;0.6629625160183773
1661426337436;0.5066;0.1776;0.3313;-0.035959417601397925;-0.7437929585156474;-0.08823109514209809;0.6615846347961345
1661426337451;0.5182;0.1754;0.3349;-0.03533047148657631;-0.7454569225604103;-0.0888371654836135;0.6596618015469258
1661426337476;0.5383;0.1713;0.3407;-0.03432036913087308;-0.7482331532507982;-0.08980725045036111;0.6564327219187311
1661426337499;0.5616;0.1663;0.3469;-0.03347399864097664;-0.7510805649369233;-0.09061124034035115;0.6531057184813185
1661426337523;0.5883;0.1603;0.3534;-0.03210552569232758;-0.7549170457167536;-0.091916411799569;0.6485528988048702
1661426337540;0.6081;0.1556;0.3578;-0.03212309150458645;-0.7571387184056532;-0.09308492917192052;0.6457896438038407
1661426337556;0.6294;0.1502;0.3621;-0.03067480330836886;-0.7599641265406512;-0.09325894666215238;0.6425078611820745
1661426337572;0.6524;0.1442;0.3664;-0.029957578521066758;-0.762773848678857;-0.09392387469831033;0.639106333110895
1661426337588;0.677;0.1374;0.3704;-0.02903028454352441;-0.766079400879515;-0.09478529941318589;0.6350553843111308
1661426337604;0.7033;0.1298;0.3741;-0.028461837821485647;-0.7689096007752874;-0.09529626200811124;0.6315746765590694
1661426337629;0.7459;0.1167;0.379;-0.028087695410954516;-0.7739029435254982;-0.09678202159877211;0.6252348004264686
1661426337659;0.807;0.0961;0.3835;-0.026665221408379167;-0.7810572314293786;-0.09803130447108312;0.6161399439598231
1661426337675;0.8388;0.0847;0.3846;-0.02597258804764474;-0.7848783119731245;-0.09862403230828846;0.6111994439751885
1661426337691;0.8711;0.0725;0.3851;-0.024771430145298395;-0.7881740186076468;-0.09851837480790361;0.6070108915543766
1661426337707;0.9038;0.0596;0.3847;-0.023766422067677137;-0.791792807370281;-0.09941590720175235;0.6021758752839927
1661426337723;0.9364;0.0464;0.3836;-0.0226449860560555;-0.7953318182690569;-0.10042527091718977;0.5973686202141573
1661426337740;0.9691;0.0325;0.3816;-0.021385396820114227;-0.7987849747650205;-0.1015681954265721;0.5925952502090119
1661426337755;1.0018;0.0182;0.3788;-0.019779262386232718;-0.8020731752850314;-0.10305307705692376;0.5879349161061481
1661426337779;1.0503;-0.0038;0.3731;-0.015450074553470416;-0.8070535282116366;-0.10476020475526648;0.5809054977335607
1661426337796;1.0822;-0.0188;0.3684;-0.01277040052481794;-0.8103842750820165;-0.10729048213816475;0.5758498033452737
1661426337811;1.1139;-0.0341;0.3628;-0.009848370843674986;-0.8130233071008179;-0.11007698935937123;0.5716460164438755
1661426337827;1.1454;-0.0497;0.3565;-0.005671612228516892;-0.8159360904766959;-0.11288660418043661;0.5669856644298373
1661426337843;1.1767;-0.0655;0.3495;-0.0011733627515931044;-0.8188635645742642;-0.11719935746832877;0.5618944709121046
1661426337859;1.2079;-0.0815;0.3416;0.0041974131299520046;-0.821619871997814;-0.12117431436004722;0.5569918789360262
1661426337875;1.2389;-0.0978;0.3331;0.009760749982055533;-0.8243739775432214;-0.1265171495908884;0.5516390883256486
1661426337892;1.2695;-0.1142;0.3239;0.016240812784128478;-0.826878825955654;-0.13156933640019292;0.5465319321920019
1661426337915;1.3145;-0.1388;0.3091;0.026362705119971408;-0.830652102706808;-0.14128512460597686;0.5379224903390725
1661426337932;1.3436;-0.155;0.2987;0.0332007057582665;-0.8327053668386569;-0.14784686855880882;0.5325793730821775
1661426337947;1.3718;-0.1709;0.288;0.041305806304820836;-0.8347598634377442;-0.1544503287169775;0.5268917314953091
1661426337963;1.3991;-0.1864;0.2772;0.048903261284888616;-0.8364986965108098;-0.16172521493649544;0.5212709052164355
1661426337980;1.4252;-0.2013;0.2665;0.057064860760634856;-0.8381986940502313;-0.16952340438081992;0.5151974052011453
1661426337996;1.45;-0.2154;0.2559;0.06552709112576141;-0.8393635399770073;-0.1764598865638291;0.5099381889207197
1661426338020;1.4844;-0.2346;0.2409;0.0775380151788514;-0.841053740852194;-0.18790025964401583;0.5013082421288984
1661426338043;1.5151;-0.2514;0.2272;0.08997409416531194;-0.841876124954611;-0.1986023883993967;0.49366622725541504
1661426338059;1.5334;-0.2612;0.219;0.09704371669937767;-0.8422728208619193;-0.20531507174403646;0.48888110374733984
1661426338084;1.5579;-0.2738;0.2082;0.10822258605421406;-0.84233055746021;-0.21480102567875808;0.48231485899136833
1661426338100;1.5723;-0.281;0.2019;0.11523473562619255;-0.8423762561172345;-0.2203183068271916;0.47810358972912165
1661426338140;1.6021;-0.2951;0.1893;0.12989139279335848;-0.8420388007292685;-0.23305745519399634;0.4688103099582122
1661426338163;1.6158;-0.3013;0.1829;0.1367861548460468;-0.8417836261363664;-0.23845186730130757;0.4645757006039633
1661426338180;1.6233;-0.3044;0.1781;0.14064065491092845;-0.8414839920254963;-0.24208882183528432;0.4620799711018254
1661426338196;1.6297;-0.3067;0.1722;0.14449160414635784;-0.8411710430821114;-0.24462080240402848;0.46012402202294755
1661426338212;1.6351;-0.3081;0.1646;0.14686055813168217;-0.8411259755902105;-0.24684329885586387;0.4582657040000073
1661426338228;1.6395;-0.3086;0.1548;0.14880935935697032;-0.8409030843838146;-0.24868145735097907;0.4570506646000515
1661426338244;1.6432;-0.3082;0.1427;0.15033480168992513;-0.8405123838443906;-0.25013275753227115;0.45647780188566933
1661426338259;1.6462;-0.3069;0.1284;0.15152724721920463;-0.8404628463620271;-0.25125075690800774;0.4555598252571915
1661426338275;1.6487;-0.305;0.1123;0.1522921504255045;-0.8402595014992101;-0.2519783231076627;0.4552779324137345
1661426338300;1.6513;-0.3013;0.0865;0.1526605680678697;-0.8398326493941373;-0.25343943512062156;0.4551311071488736
1661426338323;1.6531;-0.2974;0.0621;0.1522633331720495;-0.8396111620077983;-0.25417223076990636;0.45526415530843367
1661426338340;1.6538;-0.295;0.0481;0.1522633331720495;-0.8396111620077983;-0.25417223076990636;0.45526415530843367
1661426338364;1.6545;-0.2922;0.032;0.1518659823210774;-0.8393890352210353;-0.2549048328559806;0.455396856764535
1661426338380;1.6548;-0.2909;0.0246;0.1518659823210774;-0.8393890352210353;-0.2549048328559806;0.455396856764535
1661426338395;1.655;-0.29;0.0196;0.15153057632679404;-0.8397437171154171;-0.25456942686169726;0.4550421748701533
1661426338420;1.6552;-0.2894;0.0156;0.15128729289340304;-0.8405988881684076;-0.25428737923512434;0.4536998930799462
1661426338444;1.6552;-0.2893;0.0139;0.1503911318552764;-0.8420870772904083;-0.25444205120301944;0.4511442167415946
1661426338459;1.6552;-0.2893;0.0131;0.150214345666546;-0.84344416810092;-0.2541863316641815;0.4488060766607612
1661426338483;1.6552;-0.2894;0.0116;0.14911499091489838;-0.8468626708145514;-0.2529281603036251;0.44341366915186375
1661426338499;1.6553;-0.2895;0.0103;0.1479068101752202;-0.8497069206032776;-0.2526841006565374;0.43848884804300736
1661426338523;1.6553;-0.2896;0.0078;0.1452701232620717;-0.8548854403733624;-0.25200318489710083;0.4296066455803288
1661426338548;1.6553;-0.2898;0.0046;0.14281273853126614;-0.8612780789261315;-0.2502808950310962;0.4185260637725518
1661426338563;1.6554;-0.29;0.0022;0.14046703848914266;-0.8662980384799601;-0.24874418062070658;0.4097841532211767
1661426338580;1.6554;-0.2902;-0.0004;0.13791167199033816;-0.8717486765023716;-0.2480058746613532;0.3994091910292623
1661426338595;1.6554;-0.2903;-0.0033;0.1351091445415145;-0.8771735187457609;-0.24699662173480408;0.38897918443540735
1661426338611;1.6555;-0.2905;-0.0063;0.13241443605242081;-0.8827328817326292;-0.24602162846464992;0.37778622918328986
1661426338627;1.6555;-0.2907;-0.0094;0.12945130676665606;-0.8882519406583614;-0.24475007262784637;0.36653547037322803
1661426338643;1.6555;-0.2909;-0.0124;0.12733520171201945;-0.8937786823056529;-0.2431542856669467;0.35471313314103153
1661426338659;1.6556;-0.2911;-0.0154;0.12431289917075573;-0.8988750445233946;-0.24176916452933256;0.34368245302257644
1661426338683;1.6556;-0.2914;-0.0196;0.12065204273422073;-0.905946319594978;-0.2404511348725243;0.3269366946901019
1661426338699;1.6557;-0.2916;-0.0222;0.11856999745823002;-0.9100105910882869;-0.23891822584316938;0.31739559097418873
1661426338725;1.6557;-0.2918;-0.0255;0.11645690372548145;-0.9152734007008643;-0.2370954098828498;0.3041350985279938
1661426338747;1.6558;-0.2919;-0.0283;0.11402608291345617;-0.9191703888760956;-0.23617071397539266;0.29384901308177663
1661426338763;1.6559;-0.2921;-0.0301;0.11276153565605065;-0.9214000214009853;-0.23558376283917257;0.2877622757160668
1661426338787;1.6562;-0.2922;-0.0327;0.11225385663337643;-0.9241097027292517;-0.23456295923884793;0.28000097704419163
1661426338820;1.657;-0.2924;-0.0363;0.11332077567964974;-0.9265277261407726;-0.23399967853417647;0.27193551613879696
1661426338843;1.6577;-0.2926;-0.0392;0.11515689320140395;-0.9282225440786729;-0.2332960325239915;0.26592246956750626
1661426338867;1.6587;-0.2927;-0.0424;0.11726661908938998;-0.9294482868594305;-0.23294084212722727;0.26098464738461485
1661426338892;1.6599;-0.2929;-0.0459;0.12075650437966978;-0.9302374645407758;-0.23294039597675306;0.25654414461637015
1661426338916;1.6612;-0.2931;-0.05;0.12472897480657488;-0.9313215164665419;-0.23234626364146854;0.25119341070579615
1661426338956;1.6635;-0.2934;-0.0568;0.1307836964918529;-0.9329247222314498;-0.23157338979102843;0.24273617884854262
1661426338980;1.6647;-0.2936;-0.0602;0.13443727928774363;-0.9337854477808177;-0.23078677248443683;0.23813613983749643
1661426339003;1.6657;-0.2935;-0.063;0.13705413333801653;-0.9345311396551298;-0.2310268711215923;0.23344013872857625
1661426339027;1.6669;-0.2931;-0.0652;0.13985971626455207;-0.9354503146559817;-0.23045145927940996;0.22861341494412415
1661426339059;1.6688;-0.2919;-0.0671;0.1426318627138769;-0.9375866814117031;-0.2286403658969525;0.21979751968725048
1661426339083;1.6706;-0.2902;-0.0679;0.1434929101369549;-0.939710905590285;-0.2279716512289574;0.21067065503068294
1661426339107;1.6727;-0.288;-0.0681;0.14495029336458445;-0.942146999129052;-0.22680398348038835;0.1997708626478613
1661426339132;1.6752;-0.2853;-0.0681;0.1461203590974368;-0.9449759714890941;-0.22526738710226352;0.18687926121856746
1661426339155;1.6782;-0.2819;-0.068;0.14798934213848225;-0.9480839175957885;-0.223323663416536;0.1713551317231531
1661426339187;1.683;-0.2767;-0.0679;0.15076966903804992;-0.9525763789410573;-0.2199256771298728;0.14662689289713202
1661426339211;1.6867;-0.2725;-0.0678;0.15252908724813713;-0.9559097303049898;-0.21682569566001333;0.1263253052758756
1661426339235;1.6904;-0.2684;-0.0677;0.15537869745787797;-0.9586291886508292;-0.21309812447029988;0.10712949355890225
1661426339263;1.6943;-0.2642;-0.0676;0.15827512261069598;-0.9610596884940996;-0.2094933491399297;0.08617306644380775
1661426339283;1.6966;-0.2616;-0.0676;0.1603849101773665;-0.9623383070948535;-0.20655124100045555;0.07428491183531863
1661426339315;1.7002;-0.2583;-0.0675;0.1617490095703405;-0.9642533365150879;-0.20188942075497207;0.0573883499480196
1661426339339;1.7031;-0.2564;-0.0674;0.16302427570966135;-0.965464390336967;-0.1975234053663023;0.047813187021035805
1661426339363;1.7062;-0.255;-0.0674;0.16214862980428735;-0.9669187680067045;-0.1928995961219154;0.039568469075652854
1661426339388;1.7094;-0.2542;-0.0673;0.16155160863158474;-0.9684073757583164;-0.18692234192093202;0.03388613899860382
1661426339412;1.7127;-0.2538;-0.0672;0.15971856516484648;-0.9700344052426322;-0.18066098504820347;0.029746278232213253
1661426339443;1.7169;-0.2536;-0.0672;0.15703017387259924;-0.9720505203460726;-0.17269631574273464;0.02520501770196713
1661426339467;1.7197;-0.2535;-0.0671;0.15475785774933282;-0.9733238234302214;-0.16780168235907592;0.023094059960873128
1661426339491;1.7218;-0.2535;-0.0671;0.15414882673602268;-0.9741557502732826;-0.16370601470224364;0.02142554960122007
1661426339515;1.7233;-0.2535;-0.0671;0.15265994260756804;-0.974963160102069;-0.16047261309596036;0.019756487870963617
1661426339540;1.7242;-0.2534;-0.0671;0.1512660334515146;-0.9754539182511146;-0.1590649128197429;0.01750982587122467
1661426339571;1.7251;-0.2532;-0.0671;0.15001179592964806;-0.9760464858971065;-0.1569257203210139;0.014284143362546641
1661426339595;1.7258;-0.253;-0.0671;0.14702629210319662;-0.9767489140220433;-0.15564556424579093;0.010921845894984208
1661426339619;1.7269;-0.2527;-0.0672;0.1442891668529555;-0.9773686601830578;-0.1545858907649449;0.005860102154656786
1661426339643;1.7281;-0.2524;-0.0673;0.139825124543537;-0.9784736023928935;-0.15178359242740622;0.0002916101666206733
1661426339667;1.7296;-0.252;-0.0674;0.13557349876615768;-0.9793224749031995;-0.15000155543233687;-0.006844702305767624
1661426339699;1.732;-0.2513;-0.0675;0.1281784229969226;-0.9808158506054727;-0.1458361138555787;-0.017389277575200767
1661426339723;1.7339;-0.2508;-0.0676;0.12316801291389287;-0.9816473618775022;-0.14317700472872152;-0.026428068992933124
1661426339747;1.7356;-0.2504;-0.0677;0.11797702098350146;-0.9824445791526172;-0.14031465640308677;-0.0345813332880487
1661426339771;1.7371;-0.25;-0.0678;0.11340096431959827;-0.9830632383612187;-0.13807585994138977;-0.04076699125008429
1661426339800;1.7385;-0.2496;-0.0678;0.1088986056766751;-0.9835652582361847;-0.1358543979184088;-0.04779183025047408
1661426339835;1.74;-0.2492;-0.0679;0.1051584203518846;-0.983867152733686;-0.13438922979191031;-0.05372771460562292
1661426339859;1.7419;-0.2489;-0.0679;0.10274564668600278;-0.9841175048702033;-0.13353814183825136;-0.05588947458607526
1661426339883;1.7448;-0.2485;-0.0679;0.1010834088843712;-0.9843413483780205;-0.1326542424890373;-0.05707106334488025
1661426339907;1.7488;-0.248;-0.0679;0.09845592150198247;-0.9847178674971648;-0.13164509815285447;-0.05750409624849986
1661426339932;1.754;-0.2474;-0.0678;0.09663302061135556;-0.9849577448452815;-0.1314753686241447;-0.0568729078029942
1661426339963;1.763;-0.2463;-0.0677;0.09207675684040338;-0.9856199525944745;-0.1302347800378574;-0.055803960127486105
1661426339992;1.7721;-0.2452;-0.0675;0.08837987066157521;-0.9861804257886615;-0.12905302114148215;-0.054612123080810066
1661426340019;1.7802;-0.2443;-0.0674;0.08483322275244592;-0.986547415324428;-0.12880159763906943;-0.05420027748773863
1661426340043;1.7851;-0.2437;-0.0672;0.08223978696161126;-0.9866036435617682;-0.13032355976039314;-0.05353165159540092
1661426340067;1.7874;-0.2434;-0.0669;0.07892072947418323;-0.9863701763433554;-0.1343861974609112;-0.05278014410398497
1661426340099;1.7857;-0.2437;-0.0662;0.07527701980592044;-0.9846686226945701;-0.1487274116404618;-0.05139290609263271
1661426340123;1.7808;-0.2444;-0.0654;0.07169581517742218;-0.9824518584068938;-0.16476698789828295;-0.04999895696724675
1661426340147;1.7733;-0.2454;-0.0645;0.06810329523719194;-0.9793765115815402;-0.18415685675563254;-0.04764285728306805
1661426340171;1.7652;-0.2466;-0.0635;0.06384600804756296;-0.9755342977620752;-0.2051985984543351;-0.046368699988480276
1661426340195;1.7579;-0.2475;-0.0626;0.06099101498339184;-0.9715567302955381;-0.22451530992627883;-0.04416436932013901
1661426340227;1.7508;-0.2485;-0.0617;0.05715505332527538;-0.967653231033987;-0.24203786615962355;-0.0424051375869299
1661426340251;1.7476;-0.249;-0.0613;0.055623233449725765;-0.9656586463399427;-0.2503743965642631;-0.04149814688137346
1661426340275;1.7461;-0.2492;-0.0612;0.05558556742324994;-0.9646118537734142;-0.2545605342316242;-0.04041225885499328
1661426340299;1.7457;-0.2492;-0.0611;0.05477920306693259;-0.9644375116285157;-0.2553668985879416;-0.04058660099989169
1661426340323;1.7457;-0.2492;-0.0611;0.05477920306693259;-0.9644375116285157;-0.2553668985879416;-0.04058660099989169
1661426340364;1.7458;-0.2492;-0.0611;0.05477920306693259;-0.9644375116285157;-0.2553668985879416;-0.04058660099989169
1661426340388;1.7464;-0.2491;-0.0611;0.05477920306693259;-0.9644375116285157;-0.2553668985879416;-0.04058660099989169
1661426340411;1.7485;-0.2489;-0.0609;0.05477920306693259;-0.9644375116285157;-0.2553668985879416;-0.04058660099989169
1661426340435;1.7524;-0.2485;-0.0607;0.05477920306693259;-0.9644375116285157;-0.2553668985879416;-0.04058660099989169
1661426340467;1.7606;-0.2475;-0.0602;0.05477920306693259;-0.9644375116285157;-0.2553668985879416;-0.04058660099989169
1661426340492;1.7689;-0.2466;-0.0597;0.05477920306693259;-0.9644375116285157;-0.2553668985879416;-0.04058660099989169
1661426340507;1.7755;-0.2458;-0.0593;0.05477920306693259;-0.9644375116285157;-0.2553668985879416;-0.04058660099989169
1661426340532;1.7864;-0.2446;-0.0587;0.0539375518149997;-0.9644849482646455;-0.255331382864954;-0.040809435176423915
1661426340555;1.7972;-0.2434;-0.0581;0.0539375518149997;-0.9644849482646455;-0.255331382864954;-0.040809435176423915
1661426340596;1.8115;-0.2417;-0.0572;0.0539375518149997;-0.9644849482646455;-0.255331382864954;-0.040809435176423915
1661426340619;1.8168;-0.2412;-0.0568;0.0539375518149997;-0.9644849482646455;-0.255331382864954;-0.040809435176423915
1661426340643;1.8187;-0.2412;-0.0566;0.0539375518149997;-0.9644849482646455;-0.255331382864954;-0.040809435176423915
1661426340667;1.8163;-0.2418;-0.0565;0.0539375518149997;-0.9644849482646455;-0.255331382864954;-0.040809435176423915
1661426340691;1.8098;-0.2431;-0.0564;0.0539375518149997;-0.9644849482646455;-0.255331382864954;-0.040809435176423915
1661426340724;1.7962;-0.2458;-0.0564;0.0539375518149997;-0.9644849482646455;-0.255331382864954;-0.040809435176423915
1661426340755;1.7782;-0.2493;-0.0564;0.0539375518149997;-0.9644849482646455;-0.255331382864954;-0.040809435176423915
1661426340779;1.7635;-0.2522;-0.056;0.0539375518149997;-0.9644849482646455;-0.255331382864954;-0.040809435176423915
1661426340804;1.7493;-0.2552;-0.0543;0.0539375518149997;-0.9644849482646455;-0.255331382864954;-0.040809435176423915
1661426340827;1.7369;-0.258;-0.0507;0.0539375518149997;-0.9644849482646455;-0.255331382864954;-0.040809435176423915
1661426340859;1.7234;-0.2618;-0.0416;0.0539375518149997;-0.9644849482646455;-0.255331382864954;-0.040809435176423915
1661426340884;1.7155;-0.2647;-0.0312;0.0539375518149997;-0.9644849482646455;-0.255331382864954;-0.040809435176423915
1661426340908;1.7093;-0.2675;-0.0178;0.0539375518149997;-0.9644849482646455;-0.255331382864954;-0.040809435176423915
1661426340923;1.7059;-0.2695;-0.0072;0.0539375518149997;-0.9644849482646455;-0.255331382864954;-0.040809435176423915
1661426340947;1.7014;-0.2727;0.0106;0.0539375518149997;-0.9644849482646455;-0.255331382864954;-0.040809435176423915
1661426340980;1.6957;-0.277;0.0358;0.0539375518149997;-0.9644849482646455;-0.255331382864954;-0.040809435176423915
1661426341003;1.6917;-0.28;0.0536;0.0539375518149997;-0.9644849482646455;-0.255331382864954;-0.040809435176423915
1661426341035;1.6872;-0.2834;0.0735;0.0539375518149997;-0.9644849482646455;-0.255331382864954;-0.040809435176423915
1661426341059;1.6845;-0.285;0.085;0.0539375518149997;-0.9644849482646455;-0.255331382864954;-0.040809435176423915
1661426341075;1.6831;-0.2853;0.0912;0.05477920306693259;-0.9644375116285157;-0.2553668985879416;-0.04058660099989169
1661426341107;1.6807;-0.2826;0.1006;0.05711909318145096;-0.9641220396710624;-0.2562871679583947;-0.039025496210871785
1661426341132;1.679;-0.2771;0.1059;0.06201124064213028;-0.9634156492699488;-0.25813873910268953;-0.0367326033689479
1661426341155;1.6769;-0.2678;0.1106;0.06919244036738725;-0.9625578556641834;-0.26002378328108583;-0.032900042908266425
1661426341180;1.6738;-0.2543;0.116;0.07931395074638148;-0.9610210373545002;-0.26354459337433694;-0.026307988943209053
1661426341203;1.669;-0.2366;0.1224;0.09250522970721715;-0.9590938988465573;-0.26694967191881624;-0.0178759149293518
1661426341235;1.6591;-0.2086;0.1322;0.11366991774095633;-0.9549902316446351;-0.2739862262218557;-0.0020868887839559473
1661426341259;1.649;-0.1858;0.1398;0.13041526026578423;-0.9513770089880449;-0.27877653039782535;0.012541640965982204
1661426341284;1.6365;-0.1628;0.1471;0.14786770917438055;-0.9472733126334489;-0.2826483408472401;0.030303913481190037
1661426341307;1.6219;-0.1408;0.1539;0.16446042008577555;-0.9423157182032431;-0.28719587689279025;0.050123704453058554
1661426341331;1.6057;-0.1205;0.1601;0.17914330448823318;-0.937430988257239;-0.28970675525206374;0.07211667403182903
1661426341363;1.5823;-0.0971;0.1675;0.19636913287741786;-0.9301674257121602;-0.29229495819334395;0.10388157301338544
1661426341388;1.5638;-0.0822;0.1725;0.20723262325278397;-0.9244923405606277;-0.2929001108097714;0.1287558821651486
1661426341411;1.5446;-0.0698;0.1771;0.21569018042149363;-0.918813841443404;-0.29257684682356205;0.15381046630363185
1661426341428;1.5317;-0.0628;0.1802;0.2201300289778885;-0.9146454942818736;-0.2922945654828274;0.1718437578769338
1661426341452;1.512;-0.0543;0.1846;0.22516700545248422;-0.9087586539676937;-0.28997611260707606;0.1984222331586734
1661426341475;1.4924;-0.048;0.1891;0.2276098808537329;-0.9031356544968623;-0.2857741710903375;0.22555011605384756
1661426341507;1.4666;-0.0432;0.1953;0.22697808791497087;-0.8951172338836367;-0.2795612016431509;0.2628528480857832
1661426341532;1.4478;-0.0421;0.2002;0.22417247563246268;-0.8895347305244925;-0.2725836697929135;0.29012550270832727
1661426341555;1.4297;-0.0429;0.2056;0.21892372038832109;-0.8838598460587738;-0.2650631710502297;0.31718400421379006
1661426341580;1.4124;-0.0455;0.2113;0.2104021623884761;-0.8783501343776497;-0.25630304373443275;0.34429743140703684
1661426341604;1.396;-0.0499;0.2176;0.20049715350606928;-0.8730850160128544;-0.24608232808772607;0.37009044036927274
1661426341636;1.3758;-0.0581;0.2268;0.1825914098110577;-0.8662968146547161;-0.23136485781869415;0.40331192463010385
1661426341659;1.3621;-0.0658;0.2344;0.1673179209133044;-0.8615613380818402;-0.21794055783227473;0.4268708086946626
1661426341683;1.3496;-0.0747;0.2426;0.14943178789538955;-0.8570456175366119;-0.20416472249869247;0.44884264092742665
1661426341707;1.3384;-0.0847;0.2514;0.12886262269104373;-0.8526929709673102;-0.19004751759674687;0.46924520540058984
1661426341732;1.3288;-0.0955;0.2607;0.10611181610965703;-0.8489547026058604;-0.17496956254809837;0.48723900458299996
1661426341763;1.3185;-0.1104;0.2735;0.07512471039040769;-0.8443952016162054;-0.1542582967659102;0.507501132269836
1661426341788;1.3128;-0.1213;0.2828;0.05229504255688608;-0.8413638660137481;-0.13911422062686166;0.5196338202135751
1661426341812;1.3083;-0.1311;0.2915;0.0311316924982398;-0.839150665663194;-0.12555357257964017;0.5282927961383753
1661426341835;1.3045;-0.1391;0.2993;0.012394523324700202;-0.8370864895419696;-0.11434652484790882;0.5348433949045852
1661426341859;1.3004;-0.1442;0.306;-0.0018515487205538472;-0.8353555832182366;-0.10514919637512123;0.5395565474119663
1661426341891;1.293;-0.1459;0.3133;-0.01443775730619154;-0.8338859518635549;-0.09755771743573384;0.5430545665191573
1661426341915;1.2848;-0.1433;0.3181;-0.020742620951450796;-0.8324737944126799;-0.0949666250568488;0.5454708657825196
1661426341940;1.2737;-0.1373;0.3229;-0.023595498725807906;-0.831002032825676;-0.09340296298419418;0.5478638155465717
1661426341963;1.259;-0.1282;0.3278;-0.0243053764050081;-0.8296807423351783;-0.09275723208286796;0.5499410971843105
1661426341987;1.2409;-0.1165;0.3333;-0.024685048848947275;-0.827569733730153;-0.0936666097420856;0.5529426284855895
1661426342020;1.2109;-0.0976;0.3415;-0.02423250822864227;-0.8244195990536778;-0.09424416762770563;0.5575510264624062
1661426342043;1.1842;-0.0813;0.3483;-0.024403895820967025;-0.8216978075722479;-0.09538146684521939;0.5613550914369395
1661426342067;1.1537;-0.0634;0.3552;-0.024095972773814714;-0.8185154106404428;-0.0958096616453731;0.5659261571756425
1661426342091;1.1194;-0.0442;0.3621;-0.02365100678651516;-0.8152542597537382;-0.09637161211213656;0.5705380217043177
1661426342115;1.0822;-0.0242;0.3685;-0.023988074237494925;-0.8114204932822606;-0.09737748679699007;0.5757942170958746
1661426342148;1.029;0.0028;0.3758;-0.024454635314840573;-0.8054096776073478;-0.09832433524293224;0.5839944752539031
1661426342171;0.9872;0.0227;0.3801;-0.024404654193291395;-0.8010140862356077;-0.09851476237170081;0.5899793963357431
1661426342195;0.9445;0.0419;0.3831;-0.024507102791481716;-0.7966041569503003;-0.09854676886177961;0.5959108602712088
1661426342219;0.9011;0.0602;0.3847;-0.02498945385776928;-0.791702658686743;-0.09820851060141737;0.6024429565275737
1661426342243;0.8578;0.0773;0.385;-0.02548513747139053;-0.7867282590240117;-0.09784932036296003;0.6089619567145543
1661426342275;0.8006;0.0983;0.3831;-0.026772378695079535;-0.780511326127111;-0.09793803964065352;0.6168415111822904
1661426342300;0.7591;0.1124;0.3802;-0.027695707450043988;-0.775538770995212;-0.09713546798804343;0.6231671231145153
1661426342323;0.7196;0.1249;0.3762;-0.028532952328855915;-0.7710602584050928;-0.09639909863234385;0.6287759237777336
1661426342348;0.6827;0.1358;0.3712;-0.029533695617514205;-0.7665962133480217;-0.09549314185488723;0.6343020308672586
1661426342371;0.6486;0.1452;0.3657;-0.030696404319242504;-0.7621511189685851;-0.09441912603268805;0.6397409094750988
1661426342403;0.6078;0.1556;0.3577;-0.03212309150458645;-0.7571387184056532;-0.09308492917192052;0.6457896438038407
1661426342427;0.5807;0.1621;0.3516;-0.03310284958340953;-0.7537675179009936;-0.09216254085288852;0.6498036598622489
1661426342451;0.5564;0.1675;0.3456;-0.03361923194567748;-0.7504993109230291;-0.09047467217442565;0.6537850298396037
1661426342475;0.535;0.172;0.3397;-0.03456360301233877;-0.7477049809820185;-0.0895722091285909;0.6570536036833744
1661426342499;0.5163;0.1757;0.3343;-0.03467992422977603;-0.7454874703602458;-0.08826146821066444;0.6597390754082983
1661426342532;0.4957;0.1796;0.3278;-0.035700274017070766;-0.7426901599494558;-0.08727839998499382;0.6629625160183773
1661426342555;0.4834;0.1819;0.3238;-0.036657723493496774;-0.7405248887631073;-0.0863490900280269;0.6654494233839214
1661426342579;0.4737;0.1836;0.3204;-0.03708999607972005;-0.7394053917853857;-0.08593032517254792;0.6667233144305416
1661426342604;0.4666;0.1848;0.3179;-0.037537620893504625;-0.7382914636493483;-0.08549583334827435;0.6679873533235811
1661426342627;0.4616;0.1856;0.3162;-0.037706879487576006;-0.7376951294593121;-0.08533300070844968;0.6686571365067525
1661426342659;0.4578;0.1862;0.3147;-0.03794125465102438;-0.7371421597595479;-0.08510495779902719;0.6692824842012235
1661426342683;0.4564;0.1865;0.3143;-0.03794125465102438;-0.7371421597595479;-0.08510495779902719;0.6692824842012235
1661426342707;0.456;0.1865;0.3141;-0.03788207185990283;-0.7371009500069903;-0.08516414059014868;0.6693236939537812
1661426342731;0.4559;0.1865;0.3141;-0.03788207185990283;-0.7371009500069903;-0.08516414059014868;0.6693236939537812
1661426342755;0.4559;0.1865;0.3141;-0.03788207185990283;-0.7371009500069903;-0.08516414059014868;0.6693236939537812
1661426342787;0.4559;0.1865;0.3141;-0.03788207185990283;-0.7371009500069903;-0.08516414059014868;0.6693236939537812
1661426342811;0.4559;0.1865;0.3141;-0.03788207185990283;-0.7371009500069903;-0.08516414059014868;0.6693236939537812
1661426342835;0.4559;0.1865;0.3141;-0.03788207185990283;-0.7371009500069903;-0.08516414059014868;0.6693236939537812
1661426342859;0.4559;0.1865;0.3141;-0.03788207185990283;-0.7371009500069903;-0.08516414059014868;0.6693236939537812
1661426342884;0.4559;0.1865;0.3141;-0.03788207185990283;-0.7371009500069903;-0.08516414059014868;0.6693236939537812
1661426342908;0.4559;0.1865;0.3141;-0.03788207185990283;-0.7371009500069903;-0.08516414059014868;0.6693236939537812
1661426342932;0.4559;0.1865;0.3141;-0.03788207185990283;-0.7371009500069903;-0.08516414059014868;0.6693236939537812
1661426342955;0.4559;0.1865;0.3141;-0.03788207185990283;-0.7371009500069903;-0.08516414059014868;0.6693236939537812
1661426342980;0.4559;0.1865;0.3141;-0.03788207185990283;-0.7371009500069903;-0.08516414059014868;0.6693236939537812
1661426343003;0.4559;0.1865;0.3141;-0.03788207185990283;-0.7371009500069903;-0.08516414059014868;0.6693236939537812
1661426343035;0.4559;0.1865;0.3141;-0.03788207185990283;-0.7371009500069903;-0.08516414059014868;0.6693236939537812
1661426343059;0.4559;0.1865;0.3141;-0.03788207185990283;-0.7371009500069903;-0.08516414059014868;0.6693236939537812
1661426343083;0.4559;0.1865;0.3141;-0.03788207185990283;-0.7371009500069903;-0.08516414059014868;0.6693236939537812
1661426343107;0.4559;0.1865;0.3141;-0.03788207185990283;-0.7371009500069903;-0.08516414059014868;0.6693236939537812
1661426343132;0.4559;0.1865;0.3141;-0.03788207185990283;-0.7371009500069903;-0.08516414059014868;0.6693236939537812
1661426343163;0.4559;0.1865;0.3141;-0.03788207185990283;-0.7371009500069903;-0.08516414059014868;0.6693236939537812
1661426343187;0.4559;0.1865;0.3141;-0.03788207185990283;-0.7371009500069903;-0.08516414059014868;0.6693236939537812
1661426343211;0.4559;0.1865;0.3141;-0.03788207185990283;-0.7371009500069903;-0.08516414059014868;0.6693236939537812
1661426343235;0.4559;0.1865;0.3141;-0.03788207185990283;-0.7371009500069903;-0.08516414059014868;0.6693236939537812
1661426343259;0.4559;0.1865;0.3141;-0.03788207185990283;-0.7371009500069903;-0.08516414059014868;0.6693236939537812
1661426343291;0.4559;0.1865;0.3141;-0.03788207185990283;-0.7371009500069903;-0.08516414059014868;0.6693236939537812
1661426343315;0.4559;0.1865;0.3141;-0.03788207185990283;-0.7371009500069903;-0.08516414059014868;0.6693236939537812
1661426343340;0.4559;0.1865;0.3141;-0.03788207185990283;-0.7371009500069903;-0.08516414059014868;0.6693236939537812
1661426343363;0.4559;0.1865;0.3141;-0.03788207185990283;-0.7371009500069903;-0.08516414059014868;0.6693236939537812
1661426343387;0.4559;0.1865;0.3141;-0.03788207185990283;-0.7371009500069903;-0.08516414059014868;0.6693236939537812
1661426343419;0.4559;0.1865;0.3141;-0.03788207185990283;-0.7371009500069903;-0.08516414059014868;0.6693236939537812
1661426343443;0.4559;0.1865;0.3141;-0.03788207185990283;-0.7371009500069903;-0.08516414059014868;0.6693236939537812
1661426343467;0.4559;0.1865;0.3141;-0.03788207185990283;-0.7371009500069903;-0.08516414059014868;0.6693236939537812
1661426343491;0.4559;0.1865;0.3141;-0.03788207185990283;-0.7371009500069903;-0.08516414059014868;0.6693236939537812
1661426343516;0.4559;0.1865;0.3141;-0.03788207185990283;-0.7371009500069903;-0.08516414059014868;0.6693236939537812
1661426343548;0.4559;0.1865;0.3141;-0.03788207185990283;-0.7371009500069903;-0.08516414059014868;0.6693236939537812
1661426343572;0.4559;0.1865;0.3141;-0.03788207185990283;-0.7371009500069903;-0.08516414059014868;0.6693236939537812
1661426343595;0.4559;0.1865;0.3141;-0.03788207185990283;-0.7371009500069903;-0.08516414059014868;0.6693236939537812
1661426343620;0.4559;0.1865;0.3141;-0.03788207185990283;-0.7371009500069903;-0.08516414059014868;0.6693236939537812
1661426343643;0.4559;0.1865;0.3141;-0.03788207185990283;-0.7371009500069903;-0.08516414059014868;0.6693236939537812
1661426343675;0.4559;0.1865;0.3141;-0.03788207185990283;-0.7371009500069903;-0.08516414059014868;0.6693236939537812
1661426343699;0.4559;0.1865;0.3141;-0.03788207185990283;-0.7371009500069903;-0.08516414059014868;0.6693236939537812
1661426343723;0.4559;0.1865;0.3141;-0.03788207185990283;-0.7371009500069903;-0.08516414059014868;0.6693236939537812
1661426343747;0.4559;0.1865;0.3141;-0.03788207185990283;-0.7371009500069903;-0.08516414059014868;0.6693236939537812
1661426343771;0.4559;0.1865;0.3141;-0.03788207185990283;-0.7371009500069903;-0.08516414059014868;0.6693236939537812
1661426343803;0.4559;0.1865;0.3141;-0.03788207185990283;-0.7371009500069903;-0.08516414059014868;0.6693236939537812
1661426343827;0.4559;0.1865;0.3141;-0.03788207185990283;-0.7371009500069903;-0.08516414059014868;0.6693236939537812
1661426343851;0.4559;0.1865;0.3141;-0.03788207185990283;-0.7371009500069903;-0.08516414059014868;0.6693236939537812
1661426343875;0.4559;0.1865;0.3141;-0.03788207185990283;-0.7371009500069903;-0.08516414059014868;0.6693236939537812
1661426343899;0.4559;0.1865;0.3141;-0.03788207185990283;-0.7371009500069903;-0.08516414059014868;0.6693236939537812
1661426343932;0.4559;0.1865;0.3141;-0.03788207185990283;-0.7371009500069903;-0.08516414059014868;0.6693236939537812
1661426343955;0.4559;0.1865;0.3141;-0.03788207185990283;-0.7371009500069903;-0.08516414059014868;0.6693236939537812
1661426343979;0.4559;0.1865;0.3141;-0.03788207185990283;-0.7371009500069903;-0.08516414059014868;0.6693236939537812
1661426344003;0.4559;0.1865;0.3141;-0.03788207185990283;-0.7371009500069903;-0.08516414059014868;0.6693236939537812
1661426344028;0.4559;0.1865;0.3141;-0.03788207185990283;-0.7371009500069903;-0.08516414059014868;0.6693236939537812
